000359,42,1.5,291,49.5,168
000360,42,1.5,283.5,83.25,175.5
000361,42,1.5,276,117,183
000362,42,15,274.5,133.5,183
000363,42,57,272,133.5,183.5
000364,42,99,269.5,133.5,184
000365,42,141,267,133.5,184.5
000366,42,174,264,131.25,179.25
000367,42,207,261,129,174
000368,42,245.25,260.25,129.75,174
000369,42,283.5,259.5,130.5,174
000370,42,324.75,258.75,128.25,176.25
000371,42,366,258,126,178.5
000372,42,392,256,125,179.5
000372,48,1.5,246,64.5,180
000373,42,418,254,124,180.5
000373,48,1.5,237,100.5,187.5
000374,42,444,252,123,181.5
000374,48,6,243,132,183
000375,42,462.75,257.25,129,183.75
000375,48,43.5,242.25,139.5,186
000376,42,481.5,262.5,135,186
000376,48,81,241.5,147,189
000377,42,492,258,135,187.5
000377,48,116.25,239.25,144.75,189
000378,42,502.5,253.5,135,189
000378,48,151.5,237,142.5,189
000379,42,513,249,135,190.5
000379,48,182.5,237,141.5,186.5
000380,42,524,255.5,136,189.5
000380,48,213.5,237,140.5,184
000381,42,535,262,137,188.5
000381,48,244.5,237,139.5,181.5
000382,42,546,268.5,138,187.5
000382,48,278,236,138.5,183
000383,42,556,265,142,191
000383,48,311.5,235,137.5,184.5
000384,42,566,261.5,146,194.5
000384,48,345,234,136.5,186
000385,42,576,258,150,198
000385,48,358,232.5,140,187
000386,42,575.25,257.25,143.25,201
000386,48,371,231,143.5,188
000387,42,574.5,256.5,136.5,204
000387,48,384,229.5,147,189
000388,42,558.75,269.25,139.5,203.25
000388,48,388,234,145,190.5
000389,42,543,282,142.5,202.5
000389,48,392,238.5,143,192
000390,42,529.5,276.5,142,202
000390,48,396,243,141,193.5
000391,42,516,271,141.5,201.5
000391,48,410,240.5,141.5,192.5
000392,42,502.5,265.5,141,201
000392,48,424,238,142,191.5
000393,42,499.5,270.75,141.75,199.5
000393,48,438,235.5,142.5,190.5
000394,42,496.5,276,142.5,198
000394,48,466.5,238,145.5,190
000395,42,503.5,280,144.5,200.5
000395,48,495,240.5,148.5,189.5
000396,42,510.5,284,146.5,203
000396,48,523.5,243,151.5,189
000397,42,517.5,288,148.5,205.5
000397,48,553,240,147,191.5
000398,42,513.75,282,149.25,216.75
000398,48,582.5,237,142.5,194
000399,42,510,276,150,228
000399,48,612,234,138,196.5
000400,42,501.75,291.75,152.25,227.25
000400,48,622.5,242.5,144.5,199
000401,42,493.5,307.5,154.5,226.5
000401,48,633,251,151,201.5
000402,42,482.5,304,155.5,228
000402,48,643.5,259.5,157.5,204
000403,42,471.5,300.5,156.5,229.5
000403,48,657,254,158,206.5
000404,42,460.5,297,157.5,231
000404,48,670.5,248.5,158.5,209
000405,42,466.5,304,160,229.5
000405,48,684,243,159,211.5
000406,42,472.5,311,162.5,228
000406,48,702.5,250,162.5,212.5
000407,42,478.5,318,165,226.5
000407,48,721,257,166,213.5
000408,42,496,320,169,230.5
000408,48,739.5,264,169.5,214.5
000409,42,513.5,322,173,234.5
000409,48,759,261,170,215
000410,42,531,324,177,238.5
000410,48,778.5,258,170.5,215.5
000411,42,517,329.5,180,236.5
000411,48,798,255,171,216
000412,42,503,335,183,234.5
000412,48,799,261.5,171,219.5
000413,42,489,340.5,186,232.5
000413,48,800,268,171,223
000414,42,453.5,339,189.5,234.5
000414,48,801,274.5,171,226.5
000415,42,418,337.5,193,236.5
000415,48,798.5,271.5,176,230
000416,42,382.5,336,196.5,238.5
000416,48,796,268.5,181,233.5
000417,42,364,340.5,188,241.5
000417,48,793.5,265.5,186,237
000418,42,345.5,345,179.5,244.5
000418,48,806,274.5,183.5,237
000419,42,327,349.5,171,247.5
000419,48,818.5,283.5,181,237
000420,42,320.5,355,173.5,254.5
000420,48,831,292.5,178.5,237
000421,42,314,360.5,176,261.5
000421,48,845,291,184,238
000422,42,307.5,366,178.5,268.5
000422,48,859,289.5,189.5,239
000423,42,281,371.5,180.5,270
000423,48,873,288,195,240
000424,42,254.5,377,182.5,271.5
000424,48,877.5,288,196.5,243.75
000425,42,228,382.5,184.5,273
000425,48,882,288,198,247.5
000426,42,190,387,191.5,277
000426,48,875,299,198.5,248.5
000427,42,152,391.5,198.5,281
000427,48,868,310,199,249.5
000428,42,114,396,205.5,285
000428,48,861,321,199.5,250.5
000429,42,93.5,397.5,208,288.5
000429,48,865.5,316.5,201,253
000430,42,73,399,210.5,292
000430,48,870,312,202.5,255.5
000431,42,52.5,400.5,213,295.5
000431,48,874.5,307.5,204,258
000432,42,50.25,405.375,219.375,300.75
000432,48,888,320.5,209,261.5
000433,42,48,410.25,225.75,306
000433,48,901.5,333.5,214,265
000434,42,45.75,415.125,232.125,311.25
000434,48,915,346.5,219,268.5
000435,42,43.5,420,238.5,316.5
000435,48,912.5,342.5,223.5,279
000436,42,30,432,242,321
000436,48,910,338.5,228,289.5
000437,42,16.5,444,245.5,325.5
000437,48,907.5,334.5,232.5,300
000438,42,3,456,249,330
000438,48,899,350,234.5,303.5
000439,42,2,458.5,224,334
000439,48,890.5,365.5,236.5,307
000440,42,1,461,199,338
000440,48,882,381,238.5,310.5
000441,42,0,463.5,174,342
000441,48,881,377,240,309.5
000442,42,0.5,467.5,170.5,350
000442,48,880,373,241.5,308.5
000443,42,1,471.5,167,358
000443,48,879,369,243,307.5
000444,42,1.5,475.5,163.5,366
000444,48,895.5,380.625,247.875,311.625
000445,42,1.5,489.75,183,371.25
000445,48,912,392.25,252.75,315.75
000446,42,1.5,504,202.5,376.5
000446,48,928.5,403.875,257.625,319.875
000447,42,0.75,493.5,209.25,382.5
000447,48,945,415.5,262.5,324
000447,61,1.5,202.5,40.5,172.5
000448,42,0,483,216,388.5
000448,48,942,415.5,268.5,338.5
000448,61,6,189,55.5,189
000449,42,0.75,501.75,205.5,395.25
000449,48,939,415.5,274.5,353
000449,61,1.5,183,79.5,196.5
000450,42,1.5,520.5,195,402
000450,48,936,415.5,280.5,367.5
000450,61,3,186,90,187.5
000451,42,0.75,535.5,180.75,403.5
000451,48,921.5,429,288,375
000451,61,1.5,180,108.75,191.25
000452,42,0,550.5,166.5,405
000452,48,907,442.5,295.5,382.5
000452,61,0,174,127.5,195
000453,42,0.75,540.75,165,402
000453,48,892.5,456,303,390
000453,61,12,175.5,129.75,191.25
000454,42,1.5,531,163.5,399
000454,48,896,458,307.5,394.5
000454,61,24,177,132,187.5
000455,42,2,547,181.5,411
000455,48,899.5,460,312,399
000455,61,41,180,135,189
000456,42,2.5,563,199.5,423
000456,48,903,462,316.5,403.5
000456,61,58,183,138,190.5
000457,42,3,579,217.5,435
000457,48,926,481,319.5,413
000457,61,75,186,141,192
000458,42,12.5,582.5,260,443.5
000458,48,949,500,322.5,422.5
000458,61,88,182,141,194
000459,42,22,586,302.5,452
000459,48,972,519,325.5,432
000459,61,101,178,141,196
000460,42,31.5,589.5,345,460.5
000460,48,993,512.25,345,439.5
000460,61,114,174,141,198
000461,42,57,606.75,348.75,457.5
000461,48,1014,505.5,364.5,447
000461,61,129,176.5,139.5,194
000462,42,82.5,624,352.5,454.5
000462,48,1025.5,533,371,461
000462,61,144,179,138,190
000463,42,107,644.5,366,434
000463,48,1037,560.5,377.5,475
000463,61,159,181.5,136.5,186
000464,42,131.5,665,379.5,413.5
000464,48,1048.5,588,384,489
000464,61,177,182,137,189
000465,42,156,685.5,393,393
000465,48,1073.5,584,395,493.5
000465,61,195,182.5,137.5,192
000466,42,189,682,400,396.5
000466,48,1098.5,580,406,498
000466,61,213,183,138,195
000467,42,222,678.5,407,400
000467,48,1123.5,576,417,502.5
000467,61,221.5,178,143.5,194.5
000468,42,255,675,414,403.5
000468,48,1192.5,612,416,466.5
000468,61,230,173,149,194
000469,42,332.5,684,418.5,394.5
000469,48,1261.5,648,415,430.5
000469,61,238.5,168,154.5,193.5
000470,42,410,693,423,385.5
000470,48,1330.5,684,414,394.5
000470,61,239.5,178.5,154.5,195
000471,42,487.5,702,427.5,376.5
000471,48,1410,685.5,460.5,393
000471,61,240.5,189,154.5,196.5
000472,42,576.375,708,433.5,370.5
000472,48,1488,685.5,430.5,393
000472,61,241.5,199.5,154.5,198
000473,42,665.25,714,439.5,364.5
000473,48,1546.5,687,372,391.5
000473,61,233,191.5,154,198
000474,42,754.125,720,445.5,358.5
000474,48,1615.5,741,303,337.5
000474,61,224.5,183.5,153.5,198
000475,42,843,726,451.5,352.5
000475,48,1684.5,795,234,283.5
000475,61,216,175.5,153,198
000476,42,952,728,449.5,350.5
000476,61,219.5,181.5,155.5,200.5
000477,42,1061,730,447.5,348.5
000477,61,223,187.5,158,203
000478,42,1170,732,445.5,346.5
000478,61,226.5,193.5,160.5,205.5
000479,42,1323,749.5,393.5,329
000479,61,232.5,192.5,163.5,207
000480,42,1476,767,341.5,311.5
000480,61,238.5,191.5,166.5,208.5
000481,42,1629,784.5,289.5,294
000481,61,244.5,190.5,169.5,210
000482,61,239.5,191.5,168,210.5
000483,61,234.5,192.5,166.5,211
000484,61,229.5,193.5,165,211.5
000485,61,213,198,168.5,217.5
000486,56,0,418.5,70.5,294
000486,61,196.5,202.5,172,223.5
000487,56,0.136364,428.318,68.5909,295.227
000487,61,180,207,175.5,229.5
000488,56,0.272727,438.136,66.6818,296.455
000488,61,179.25,205.5,177.375,232.5
000489,56,0.409091,447.955,64.7727,297.682
000489,61,178.5,204,179.25,235.5
000490,56,0.545455,457.773,62.8636,298.909
000490,61,177.75,202.5,181.125,238.5
000491,56,0.681818,467.591,60.9545,300.136
000491,61,177,201,183,241.5
000492,56,0.818182,477.409,59.0455,301.364
000492,61,186,226.5,178.5,238.5
000493,56,0.954545,487.227,57.1364,302.591
000493,61,196.5,227.25,176.25,237.75
000494,56,1.09091,497.045,55.2273,303.818
000494,61,207,228,174,237
000495,56,1.22727,506.864,53.3182,305.045
000495,61,207,214.5,180,247.5
000496,56,1.36364,516.682,51.4091,306.273
000496,61,198,217.5,179,248.5
000497,56,1.5,526.5,49.5,307.5
000497,61,189,220.5,178,249.5
000498,56,2.25,513.75,87.75,346.5
000498,61,180,223.5,177,250.5
000499,56,3,501,126,385.5
000499,61,165.5,229.5,183.5,251.5
000500,56,3,491.25,144,391.5
000500,61,151,235.5,190,252.5
000501,56,3,481.5,162,397.5
000501,61,136.5,241.5,196.5,253.5
000502,56,3,497.25,171.75,401.25
000502,61,140.5,239,197.5,258.5
000503,56,3,513,181.5,405
000503,61,144.5,236.5,198.5,263.5
000504,56,1.5,540.75,195,411.75
000504,61,148.5,234,199.5,268.5
000505,56,0,568.5,208.5,418.5
000505,61,155.5,242.5,207.5,274.5
000506,56,1.5,567.75,219.75,425.25
000506,61,162.5,251,215.5,280.5
000507,56,3,567,231,432
000507,61,169.5,259.5,223.5,286.5
000508,56,7.5,570,286.5,440.25
000508,61,167,254,226,287.5
000509,56,12,573,342,448.5
000509,61,164.5,248.5,228.5,288.5
000510,56,80.25,604.5,352.5,445.5
000510,61,162,243,231,289.5
000511,56,148.5,636,363,442.5
000511,61,145,256.5,229.5,294
000512,56,248.25,633.75,381.75,444.75
000512,61,128,270,228,298.5
000513,56,348,631.5,400.5,447
000513,61,111,283.5,226.5,303
000514,56,432,613.5,408.75,465
000514,61,90,275,231,309.5
000515,56,516,595.5,417,483
000515,61,69,266.5,235.5,316
000516,56,603,625.5,426.75,453
000516,61,48,258,240,322.5
000517,56,690,655.5,436.5,423
000517,61,47,274.5,243,328.5
000518,56,817.5,703.5,417,375
000518,61,46,291,246,334.5
000519,56,927.75,707.25,453.75,371.25
000519,61,45,307.5,249,340.5
000520,56,1038,711,490.5,367.5
000520,61,52,299.5,255.5,345.5
000521,61,59,291.5,262,350.5
000522,61,66,283.5,268.5,355.5
000523,61,58.5,298,273.5,361.5
000524,61,51,312.5,278.5,367.5
000525,61,43.5,327,283.5,373.5
000526,61,30,337,289,378
000527,61,16.5,347,294.5,382.5
000528,61,3,357,300,387
000529,61,18,347,307,398
000530,61,33,337,314,409
000531,61,48,327,321,420
000532,61,93,351,330,420.5
000533,61,138,375,339,421
000534,61,183,399,348,421.5
000535,61,218,381,357,434.5
000536,61,253,363,366,447.5
000537,61,288,345,375,460.5
000538,61,324,377,390,468
000539,61,360,409,405,475.5
000540,61,396,441,420,483
000541,61,447,433.5,429.75,503.25
000542,61,498,426,439.5,523.5
000543,61,624,431,444.5,529.5
000544,61,750,436,449.5,535.5
000544,64,0,222,39,151.5
000545,61,876,441,454.5,541.5
000545,64,1.5,207.75,79.5,156.75
000546,61,1016.25,464.25,465,557.25
000546,64,3,193.5,120,162
000547,61,1156.5,487.5,475.5,573
000547,64,13.5,198,154.5,162
000548,61,1300.5,468,492,601.5
000548,64,54,202.5,156,162
000549,61,1447.5,462,471,613.5
000549,64,99,207,155.25,161.25
000550,61,1587,435,331.5,643.5
000550,64,144,211.5,154.5,160.5
000551,61,1738.5,430.5,180,648
000551,64,181.5,201,156,163.5
000552,64,222,198,157.5,165
000553,64,267,193.5,147,166.5
000554,64,833.25,485.25,257.25,234
000555,64,1399.5,777,367.5,301.5
000556,64,421.5,199.5,151.5,153
000557,64,464.5,195,149.5,155.5
000558,64,507.5,190.5,147.5,158
000559,64,550.5,186,145.5,160.5
000560,64,577,190,146,163.5
000561,64,603.5,194,146.5,166.5
000562,64,630,198,147,169.5
000563,64,645,195.5,148,171
000564,64,660,193,149,172.5
000565,64,675,190.5,150,174
000566,64,697,193,152,177
000567,64,719,195.5,154,180
000568,64,741,198,156,183
000569,64,764,194,156,184
000570,64,787,190,156,185
000571,64,810,186,156,186
000571,70,0,229.5,51,175.5
000572,64,812,189.5,159.5,189
000572,70,7.5,222.75,90,178.5
000573,64,814,193,163,192
000573,70,15,216,129,181.5
000574,64,816,196.5,166.5,195
000574,70,63,222,126,172.5
000575,64,811,197,165.5,197
000575,70,107.25,217.5,125.25,182.25
000576,64,806,197.5,164.5,199
000576,70,151.5,213,124.5,192
000577,64,801,198,163.5,201
000577,70,202,216,126,188
000578,64,803.25,195,165.75,199.5
000578,70,252.5,219,127.5,184
000579,64,805.5,192,168,198
000579,70,303,222,129,180
000580,64,822,198.5,168.5,200
000580,70,347.625,217.5,131.625,182.25
000581,64,838.5,205,169,202
000581,70,392.25,213,134.25,184.5
000582,64,855,211.5,169.5,204
000582,70,436.875,208.5,136.875,186.75
000583,64,864.5,209,173,205.5
000583,70,481.5,204,139.5,189
000584,64,874,206.5,176.5,207
000584,70,497.5,210.5,140.5,191
000585,64,883.5,204,180,208.5
000585,70,513.5,217,141.5,193
000586,64,888.5,213.5,178,205
000586,70,529.5,223.5,142.5,195
000587,64,893.5,223,176,201.5
000587,70,545,216,146,197
000588,64,898.5,232.5,174,198
000588,70,560.5,208.5,149.5,199
000589,64,895,227.5,176.5,203.5
000589,70,576,201,153,201
000590,64,891.5,222.5,179,209
000590,70,600,206.5,154.5,205
000591,64,888,217.5,181.5,214.5
000591,70,624,212,156,209
000592,64,895.5,223,184.5,215.5
000592,70,648,217.5,157.5,213
000593,64,903,228.5,187.5,216.5
000593,70,668,216,160,211.5
000594,64,910.5,234,190.5,217.5
000594,70,688,214.5,162.5,210
000595,64,919,231,191.5,223.5
000595,70,708,213,165,208.5
000596,64,927.5,228,192.5,229.5
000596,70,707,212,163,210
000597,64,936,225,193.5,235.5
000597,70,706,211,161,211.5
000598,64,930.5,232.5,196.5,237.5
000598,70,705,210,159,213
000599,64,925,240,199.5,239.5
000599,70,697.5,219,164.5,214.5
000600,64,919.5,247.5,202.5,241.5
000600,70,690,228,170,216
000601,64,909.5,245,207,247.5
000601,70,682.5,237,175.5,217.5
000602,64,899.5,242.5,211.5,253.5
000602,70,688,231,171,219
000603,64,889.5,240,216,259.5
000603,70,693.5,225,166.5,220.5
000604,64,892,246,220.5,265.5
000604,70,699,219,162,222
000605,64,894.5,252,225,271.5
000605,70,706,229,162,221.5
000606,64,897,258,229.5,277.5
000606,70,713,239,162,221
000607,64,912,258,229.5,275
000607,70,720,249,162,220.5
000608,64,927,258,229.5,272.5
000608,70,734,245,166,224
000608,73,0,294,54,180
000609,64,942,258,229.5,270
000609,70,748,241,170,227.5
000609,73,0,297,93,168
000610,64,941.5,262.5,233.5,278.5
000610,70,762,237,174,231
000610,73,13.5,301.5,121.5,172.5
000611,64,941,267,237.5,287
000611,70,762,237.5,174,232
000611,73,49.5,301.5,126,171
000612,64,940.5,271.5,241.5,295.5
000612,70,762,238,174,233
000612,73,92.5,295.5,125,170.5
000613,64,931,276.5,240.5,298
000613,70,762,238.5,174,234
000613,73,135.5,289.5,124,170
000614,64,921.5,281.5,239.5,300.5
000614,70,751.5,244,176.5,236.5
000614,73,178.5,283.5,123,169.5
000615,64,912,286.5,238.5,303
000615,70,741,249.5,179,239
000615,73,207.5,282.5,127.5,170.5
000616,64,917,291.5,240,304
000616,70,730.5,255,181.5,241.5
000616,73,236.5,281.5,132,171.5
000617,64,922,296.5,241.5,305
000617,70,728.25,249,184.5,245.25
000617,73,265.5,280.5,136.5,172.5
000618,64,927,301.5,243,306
000618,70,726,243,187.5,249
000618,73,278,285.5,135.5,171.5
000619,64,935.5,302,248,315.5
000619,70,733,250.5,189,252
000619,73,290.5,290.5,134.5,170.5
000620,64,944,302.5,253,325
000620,70,740,258,190.5,255
000620,73,303,295.5,133.5,169.5
000621,64,952.5,303,258,334.5
000621,70,747,265.5,192,258
000621,73,310.5,291,133.5,171
000622,64,947.625,308.625,260.625,342.75
000622,70,766.5,269,193,256.5
000622,73,318,286.5,133.5,172.5
000623,64,942.75,314.25,263.25,351
000623,70,786,272.5,194,255
000623,73,331.2,291.3,134.4,172.8
000624,64,937.875,319.875,265.875,359.25
000624,70,805.5,276,195,253.5
000624,73,344.4,296.1,135.3,173.1
000625,64,933,325.5,268.5,367.5
000625,70,808,272,197.5,259.5
000625,73,357.6,300.9,136.2,173.4
000626,64,900,327.5,277,369.5
000626,70,810.5,268,200,265.5
000626,73,370.8,305.7,137.1,173.7
000627,64,867,329.5,285.5,371.5
000627,70,813,264,202.5,271.5
000627,73,384,310.5,138,174
000628,64,834,331.5,294,373.5
000628,70,811,277,204.5,272.5
000628,73,405,305.5,137,176.5
000629,64,838,341.5,291.5,378.5
000629,70,809,290,206.5,273.5
000629,73,426,300.5,136,179
000630,64,842,351.5,289,383.5
000630,67,4.5,289.5,30,168
000630,70,807,303,208.5,274.5
000630,73,447,295.5,135,181.5
000631,64,846,361.5,286.5,388.5
000631,67,0,271.5,63,187.5
000631,70,810,296.5,212.5,277
000631,73,445,299.75,135.5,181.5
000632,64,853.5,362.625,291.375,391.5
000632,67,6,262.5,75,189
000632,70,813,290,216.5,279.5
000632,73,443,304,136,181.5
000633,64,861,363.75,296.25,394.5
000633,67,0,256.5,100.5,187.5
000633,70,816,283.5,220.5,282
000633,73,441,308.25,136.5,181.5
000634,64,868.5,364.875,301.125,397.5
000634,67,3,255,120,189
000634,70,832.5,292,222,283
000634,73,439,312.5,137,181.5
000635,64,876,366,306,400.5
000635,67,9,253.5,138,184.5
000635,70,849,300.5,223.5,284
000635,73,437,316.75,137.5,181.5
000636,64,871,379,315.5,412
000636,67,37,253,136,183
000636,70,865.5,309,225,285
000636,73,435,321,138,181.5
000637,64,866,392,325,423.5
000637,67,65,252.5,134,181.5
000637,70,899,312.5,230.5,295
000637,73,438,315.5,139.5,186
000638,64,861,405,334.5,435
000638,67,93,252,132,180
000638,70,932.5,316,236,305
000638,73,441,310,141,190.5
000639,64,876.375,407.625,342.375,436.875
000639,67,119,251.5,133,180
000639,70,966,319.5,241.5,315
000639,73,444,304.5,142.5,195
000640,64,891.75,410.25,350.25,438.75
000640,67,145,251,134,180
000640,70,981.375,315,241.125,311.25
000640,73,450,321,147,198
000641,64,907.125,412.875,358.125,440.625
000641,67,171,250.5,135,180
000641,68,237,270,127.5,166.5
000641,70,996.75,310.5,240.75,307.5
000641,73,462.75,328.5,149.25,199.5
000642,64,922.5,415.5,366,442.5
000642,67,185,257,134,182
000642,68,301.5,270,118.5,162
000642,70,1012.13,306,240.375,303.75
000642,73,475.5,336,151.5,201
000643,64,988.5,435,373,445.5
000643,67,199,263.5,133,184
000643,68,349.875,264.375,121.875,163.5
000643,70,1027.5,301.5,240,300
000643,73,486,333.75,153,201.75
000644,64,1054.5,454.5,380,448.5
000644,67,213,270,132,186
000644,68,398.25,258.75,125.25,165
000644,70,1021,320,245,310.5
000644,73,496.5,331.5,154.5,202.5
000645,64,1120.5,474,387,451.5
000645,67,221,266,132,185
000645,68,446.625,253.125,128.625,166.5
000645,70,1014.5,338.5,250,321
000645,73,497.25,325.5,159.75,206.25
000646,64,1190.5,466,390,462.5
000646,67,229,262,132,184
000646,68,495,247.5,132,168
000646,70,1008,357,255,331.5
000646,73,498,319.5,165,210
000647,64,1260.5,458,393,473.5
000647,67,237,258,132,183
000647,68,544,251.5,128,166.5
000647,70,998.5,349.5,259,339
000647,73,498,326,166,215.5
000648,64,1330.5,450,396,484.5
000648,67,250,256,133.5,185
000648,68,593,255.5,124,165
000648,70,989,342,263,346.5
000648,73,498,332.5,167,221
000649,64,1401.5,465,389,499.5
000649,67,263,254,135,187
000649,68,642,259.5,120,163.5
000649,70,979.5,334.5,267,354
000649,73,498,339,168,226.5
000650,64,1472.5,480,382,514.5
000650,67,276,252,136.5,189
000650,68,673,255,122,165.5
000650,70,1004,349,269,359.5
000650,73,491,341.5,169,225
000651,64,1543.5,495,375,529.5
000651,67,298,257.5,136,190.5
000651,68,704,250.5,124,167.5
000651,70,1028.5,363.5,271,365
000651,73,484,344,170,223.5
000652,67,320,263,135.5,192
000652,68,735,246,126,169.5
000652,70,1053,378,273,370.5
000652,73,477,346.5,171,222
000653,67,342,268.5,135,193.5
000653,68,753.5,252,128,173
000653,70,1097,379.5,281.5,372
000653,73,477.5,350,173,224
000654,67,346.5,267,136.5,194
000654,68,772,258,130,176.5
000654,70,1141,381,290,373.5
000654,73,478,353.5,175,226
000655,67,351,265.5,138,194.5
000655,68,790.5,264,132,180
000655,70,1185,382.5,298.5,375
000655,73,478.5,357,177,228
000656,67,355.5,264,139.5,195
000656,68,814,259,134.5,182.5
000656,70,1221.38,387.75,303.375,379.5
000656,73,489,362,179.5,229.5
000657,67,349,272.5,142,200
000657,68,837.5,254,137,185
000657,70,1257.75,393,308.25,384
000657,73,499.5,367,182,231
000658,67,342.5,281,144.5,205
000658,68,861,249,139.5,187.5
000658,70,1294.13,398.25,313.125,388.5
000658,73,510,372,184.5,232.5
000659,67,336,289.5,147,210
000659,68,882.5,260.5,141,189
000659,70,1330.5,403.5,318,393
000659,73,515,370.5,180.5,231.5
000660,67,336,284,147.5,208.5
000660,68,904,272,142.5,190.5
000660,70,1375.5,408,336,401.5
000660,73,520,369,176.5,230.5
000661,67,336,278.5,148,207
000661,68,925.5,283.5,144,192
000661,70,1420.5,412.5,354,410
000661,73,525,367.5,172.5,229.5
000662,67,336,273,148.5,205.5
000662,68,938,277,144.5,198
000662,70,1465.5,417,372,418.5
000662,73,516,380.5,177.5,234
000662,76,1.5,280.5,54,175.5
000663,67,345,281,150.5,212.5
000663,68,950.5,270.5,145,204
000663,70,1555.5,411,348,421.5
000663,73,507,393.5,182.5,238.5
000663,76,0,273,81,175.5
000664,67,354,289,152.5,219.5
000664,68,963,264,145.5,210
000664,73,498,406.5,187.5,243
000664,76,15,267.75,109.5,171
000665,67,363,297,154.5,226.5
000665,68,959.5,273,145,209.5
000665,73,486,402,189.5,249.5
000665,76,30,262.5,138,166.5
000666,67,373.5,294,155,226
000666,68,956,282,144.5,209
000666,73,474,397.5,191.5,256
000666,76,64.5,268,140,168.5
000667,67,384,291,155.5,225.5
000667,68,952.5,291,144,208.5
000667,73,462,393,193.5,262.5
000667,76,99,273.5,142,170.5
000668,67,394.5,288,156,225
000668,68,950,292.5,147.5,209.5
000668,73,468.5,404.5,192,266
000668,76,133.5,279,144,172.5
000669,67,391.5,293.5,162,226
000669,68,947.5,294,151,210.5
000669,73,475,416,190.5,269.5
000669,76,171.75,274.5,139.5,174.75
000670,67,388.5,299,168,227
000670,68,945,295.5,154.5,211.5
000670,73,481.5,427.5,189,273
000670,76,210,270,135,177
000671,67,385.5,304.5,174,228
000671,68,957.5,294,155,214
000671,73,494.5,427.5,193.5,275.5
000671,76,234,264,140.25,180
000672,67,378.5,310.5,173,231.5
000672,68,970,292.5,155.5,216.5
000672,73,507.5,427.5,198,278
000672,76,258,258,145.5,183
000673,67,371.5,316.5,172,235
000673,68,982.5,291,156,219
000673,73,520.5,427.5,202.5,280.5
000673,76,288.5,264.5,139.5,176.5
000674,67,364.5,322.5,171,238.5
000674,68,996.5,299.5,159.5,224.5
000674,73,516.5,432,207,289.5
000674,76,319,271,133.5,170
000675,67,372.5,323,177.5,240.5
000675,68,1010.5,308,163,230
000675,73,512.5,436.5,211.5,298.5
000675,76,349.5,277.5,127.5,163.5
000676,67,380.5,323.5,184,242.5
000676,68,1024.5,316.5,166.5,235.5
000676,73,508.5,441,216,307.5
000676,76,374,273.5,131,168.5
000677,67,388.5,324,190.5,244.5
000677,68,1025.5,313,170,236
000677,73,501,449.5,217,307
000677,76,398.5,269.5,134.5,173.5
000678,67,401,334.5,190,250
000678,68,1026.5,309.5,173.5,236.5
000678,73,493.5,458,218,306.5
000678,76,423,265.5,138,178.5
000679,67,413.5,345,189.5,255.5
000679,68,1027.5,306,177,237
000679,73,486,466.5,219,306
000679,76,425.25,267.75,137.25,180
000680,67,426,355.5,189,261
000680,68,1025,327,180,240.5
000680,73,489,472.5,227.5,307.5
000680,76,427.5,270,136.5,181.5
000681,67,429.75,348.75,194.25,258
000681,68,1022.5,348,183,244
000681,73,492,478.5,236,309
000681,76,420.75,284.25,138,185.25
000682,67,433.5,342,199.5,255
000682,68,1020,369,186,247.5
000682,73,495,484.5,244.5,310.5
000682,76,414,298.5,139.5,189
000683,67,428,353,205,261
000683,68,1026,361.5,186.5,253.5
000683,73,521,500.5,244.5,314.5
000683,76,405.5,290.5,141,190.5
000684,67,422.5,364,210.5,267
000684,68,1032,354,187,259.5
000684,73,547,516.5,244.5,318.5
000684,76,397,282.5,142.5,192
000685,67,417,375,216,273
000685,68,1038,346.5,187.5,265.5
000685,73,573,532.5,244.5,322.5
000685,76,388.5,274.5,144,193.5
000686,67,413,375.5,214,271.5
000686,68,1053.75,342.75,186.75,265.5
000686,73,594,525.5,253.5,331.5
000686,76,393,288.5,147,198.5
000687,67,409,376,212,270
000687,68,1069.5,339,186,265.5
000687,73,615,518.5,262.5,340.5
000687,76,397.5,302.5,150,203.5
000688,67,405,376.5,210,268.5
000688,68,1090.5,356,192,268
000688,73,636,511.5,271.5,349.5
000688,76,402,316.5,153,208.5
000689,67,420,386,213,276
000689,68,1111.5,373,198,270.5
000689,73,654,531.5,277.5,353
000689,76,408,316.5,159,209.25
000690,67,435,395.5,216,283.5
000690,68,1132.5,390,204,273
000690,73,672,551.5,283.5,356.5
000690,76,414,316.5,165,210
000691,67,450,405,219,291
000691,68,1133,379,206.5,274.5
000691,73,690,571.5,289.5,360
000691,76,406,313.5,164.5,213.5
000692,67,469,409.5,224.5,296.5
000692,68,1133.5,368,209,276
000692,73,711,567.5,299.5,363
000692,76,398,310.5,164,217
000693,67,488,414,230,302
000693,68,1134,357,211.5,277.5
000693,73,732,563.5,309.5,366
000693,76,390,307.5,163.5,220.5
000694,67,507,418.5,235.5,307.5
000694,68,1134,375,213.5,283.5
000694,73,753,559.5,319.5,369
000694,76,374.25,320.25,168,220.5
000695,67,509.5,420.5,237,312.5
000695,68,1134,393,215.5,289.5
000695,73,817,580.5,321,374.5
000695,76,358.5,333,172.5,220.5
000696,67,512,422.5,238.5,317.5
000696,68,1134,411,217.5,295.5
000696,73,881,601.5,322.5,380
000696,76,340.5,330.75,181.5,226.5
000697,67,514.5,424.5,240,322.5
000697,68,1148.5,404,221,301
000697,73,945,622.5,324,385.5
000697,76,322.5,328.5,190.5,232.5
000698,67,510,434,245.5,335.5
000698,68,1163,397,224.5,306.5
000698,73,1033,613.5,326.5,396.5
000698,76,324.75,323.25,180.75,231.75
000699,67,505.5,443.5,251,348.5
000699,68,1177.5,390,228,312
000699,73,1121,604.5,329,407.5
000699,76,327,318,171,231
000700,67,501,453,256.5,361.5
000700,68,1220.5,410,238,321
000700,73,1209,595.5,331.5,418.5
000700,76,327,338.25,176.25,234.75
000701,67,525,453,266.5,366
000701,68,1263.5,430,248,330
000701,73,1269.5,616.5,337,419
000701,76,327,358.5,181.5,238.5
000702,67,549,453,276.5,370.5
000702,68,1306.5,450,258,339
000702,73,1330,637.5,342.5,419.5
000702,76,333,359.25,185.25,240
000703,67,573,453,286.5,375
000703,68,1355,449.5,256.5,343
000703,73,1390.5,658.5,348,420
000703,76,339,360,189,241.5
000704,67,621.5,472,289.5,380
000704,68,1403.5,449,255,347
000704,73,1467,669.75,352.5,408.75
000704,76,335.25,352.5,187.5,243.75
000705,67,670,491,292.5,385
000705,68,1452,448.5,253.5,351
000705,73,1543.5,681,357,397.5
000705,76,331.5,345,186,246
000706,67,718.5,510,295.5,390
000706,68,1480,454,252.5,352.5
000706,73,1624.5,681,294,397.5
000706,76,318.75,369,195,240.75
000707,67,755.625,509.25,298.5,393.75
000707,68,1508,459.5,251.5,354
000707,76,306,393,204,235.5
000708,67,792.75,508.5,301.5,397.5
000708,68,1536,465,250.5,355.5
000708,76,295.5,393.75,204,239.25
000709,67,829.875,507.75,304.5,401.25
000709,68,1568.5,482.5,257.5,359
000709,76,285,394.5,204,243
000710,67,867,507,307.5,405
000710,68,1601,500,264.5,362.5
000710,76,283.5,384.75,208.5,252.75
000710,83,0,247.5,67.5,208.5
000711,67,913.5,521,314.5,420
000711,68,1633.5,517.5,271.5,366
000711,76,282,375,213,262.5
000711,83,3,249,93,201
000712,67,960,535,321.5,435
000712,68,1711.5,492,207,370.5
000712,76,303,393,214.5,265.5
000712,83,3,258,132,186
000713,67,1006.5,549,328.5,450
000713,76,324,411,216,268.5
000713,83,22.5,253.5,148.5,198
000714,67,1090.5,547,325,452.5
000714,76,348,422.25,227.25,269.25
000714,83,45.75,249.75,146.25,198
000715,67,1174.5,545,321.5,455
000715,76,372,433.5,238.5,270
000715,83,69,246,144,198
000716,67,1258.5,543,318,457.5
000716,76,405,426,232.5,277.5
000716,83,95.5,246,144.5,196
000717,67,1364.25,570.75,333.75,468.75
000717,76,424.5,411,238.5,291
000717,83,122,246,145,194
000718,67,1470,598.5,349.5,480
000718,76,441,422.25,241.5,292.5
000718,83,148.5,246,145.5,192
000719,67,1591.5,618,327,460.5
000719,76,457.5,433.5,244.5,294
000719,83,182.25,252.75,141.75,195.75
000720,76,469.5,457.5,244.5,294
000720,83,216,259.5,138,199.5
000721,76,481.5,481.5,244.5,294
000721,83,245,250.5,139,200
000722,76,496.5,474,253.5,303.75
000722,83,274,241.5,140,200.5
000723,76,511.5,466.5,262.5,313.5
000723,83,303,232.5,141,201
000724,76,558,457.5,264,322.5
000724,83,322,235,140,199.5
000725,76,604.5,448.5,265.5,331.5
000725,83,341,237.5,139,198
000726,76,657,480.75,270.75,336
000726,83,360,240,138,196.5
000727,76,709.5,513,276,340.5
000727,83,363,249.75,143.25,204
000728,76,777.75,518.25,276.75,345.75
000728,83,366,259.5,148.5,211.5
000729,76,846,523.5,277.5,351
000729,83,363.5,258,149.5,211
000730,76,898.5,507.75,287.25,365.25
000730,83,361,256.5,150.5,210.5
000731,76,951,492,297,379.5
000731,83,358.5,255,151.5,210
000732,76,1004.25,513.75,300,390.75
000732,83,362.5,252.5,151.5,214
000733,76,1057.5,535.5,303,402
000733,83,366.5,250,151.5,218
000734,76,1104.75,553.5,313.5,403.5
000734,83,370.5,247.5,151.5,222
000735,76,1152,571.5,324,405
000735,83,381,256,153,219
000736,76,1257,561.75,322.5,407.25
000736,83,391.5,264.5,154.5,216
000737,76,1362,552,321,409.5
000737,83,402,273,156,213
000738,76,1469.25,561,331.5,420.75
000738,83,404,265.5,157.5,215
000739,76,1576.5,570,342,432
000739,83,406,258,159,217
000740,83,408,250.5,160.5,219
000741,83,397,261.5,159.5,221.5
000742,83,386,272.5,158.5,224
000743,83,375,283.5,157.5,226.5
000744,83,359,286.5,163.5,226
000745,83,343,289.5,169.5,225.5
000746,83,327,292.5,175.5,225
000747,83,322,292,180,235
000748,83,317,291.5,184.5,245
000749,83,312,291,189,255
000750,83,316.5,293.5,190,256.5
000751,83,321,296,191,258
000752,83,325.5,298.5,192,259.5
000753,83,328,293,189,260
000754,83,330.5,287.5,186,260.5
000755,83,333,282,183,261
000756,83,321.5,297,184.5,254.5
000757,83,310,312,186,248
000758,83,298.5,327,187.5,241.5
000759,83,279.75,324,186.75,255
000760,83,261,321,186,268.5
000761,83,255.5,323,189,274
000762,83,250,325,192,279.5
000763,83,244.5,327,195,285
000764,83,250.125,334.875,194.625,283.5
000765,83,255.75,342.75,194.25,282
000766,83,261.375,350.625,193.875,280.5
000767,83,267,358.5,193.5,279
000768,83,258,349.5,199,286
000769,83,249,340.5,204.5,293
000770,83,240,331.5,210,300
000771,83,219.75,366,211.5,309
000772,83,199.5,400.5,213,318
000773,83,181.5,393,217.5,321.75
000774,83,163.5,385.5,222,325.5
000775,83,162,384.5,225,328
000776,83,160.5,383.5,228,330.5
000777,83,159,382.5,231,333
000778,83,170,398,235,339.5
000779,83,181,413.5,239,346
000780,83,192,429,243,352.5
000781,83,206.5,418,241.5,353
000782,83,221,407,240,353.5
000783,83,235.5,396,238.5,354
000784,83,237,416.25,246,364.5
000785,83,238.5,436.5,253.5,375
000786,83,244.125,442.5,258.75,377.25
000787,83,249.75,448.5,264,379.5
000788,83,255.375,454.5,269.25,381.75
000789,83,261,460.5,274.5,384
000790,83,293.5,462.5,279,385.5
000791,83,326,464.5,283.5,387
000792,83,358.5,466.5,288,388.5
000793,83,411.5,479,297.5,391
000794,83,464.5,491.5,307,393.5
000795,83,517.5,504,316.5,396
000796,83,569,492.5,321.5,405
000797,83,620.5,481,326.5,414
000798,83,672,469.5,331.5,423
000799,83,724,497,342.5,435
000800,83,776,524.5,353.5,447
000801,83,828,552,364.5,459
000802,83,886,540.5,375.5,467
000803,83,944,529,386.5,475
000804,83,1002,517.5,397.5,483
000805,83,1095.5,529.5,404.5,483
000806,83,1189,541.5,411.5,483
000807,83,1282.5,553.5,418.5,483
000808,83,1474.5,591,399,487.5
000809,83,1606.5,579,312,499.5
001237,131,4.5,246,115.5,180
001237,132,3,294,63,165
001238,131,61.5,256.5,115.5,176.25
001238,132,3,282,81,174.75
001239,131,118.5,267,115.5,172.5
001239,132,3,270,99,184.5
001240,131,187,258,115,175.5
001240,132,3,277.5,121.5,181.5
001241,131,255.5,249,114.5,178.5
001241,132,22.5,278.25,123.75,178.5
001242,131,324,240,114,181.5
001242,132,42,279,126,175.5
001243,131,378.75,240,119.25,180
001243,132,65.5,275,128,176
001244,131,433.5,240,124.5,178.5
001244,132,89,271,130,176.5
001245,131,499.5,243,124.5,183
001245,132,112.5,267,132,177
001246,131,557.25,242.25,122.25,183.75
001246,132,140.5,264.5,134.5,173.5
001247,131,615,241.5,120,184.5
001247,132,168.5,262,137,170
001248,131,657,229.5,132,178.5
001248,132,196.5,259.5,139.5,166.5
001249,131,697,234.5,129.5,181
001249,132,225.5,260,135,166.5
001250,131,737,239.5,127,183.5
001250,132,254.5,260.5,130.5,166.5
001251,131,777,244.5,124.5,186
001251,132,283.5,261,126,166.5
001252,131,816,247.5,126,178.5
001252,132,304,261,127,169
001253,131,855,250.5,127.5,171
001253,132,324.5,261,128,171.5
001254,131,885,241.5,132,177.75
001254,132,345,261,129,174
001255,131,915,232.5,136.5,184.5
001255,132,357,265.5,130.5,174
001256,131,950.25,237.75,135.75,180
001256,132,369,270,132,174
001257,131,985.5,243,135,175.5
001257,132,385,266.5,132,173
001258,131,1018.5,248.25,138,177
001258,132,401,263,132,172
001259,131,1051.5,253.5,141,178.5
001259,132,417,259.5,132,171
001260,131,1077,248.25,142.5,189
001260,132,434.25,264.75,135,175.5
001261,131,1102.5,243,144,199.5
001261,132,451.5,270,138,180
001262,131,1121.25,243,135.75,197.25
001262,132,471,271.5,138.5,184
001263,131,1140,243,127.5,195
001263,132,490.5,273,139,188
001264,131,1152.75,257.25,134.25,195.75
001264,132,510,274.5,139.5,192
001265,131,1165.5,271.5,141,196.5
001265,132,514.5,274.5,141,193.5
001266,131,1168.5,266.25,150.75,203.25
001266,132,519,274.5,142.5,195
001267,131,1171.5,261,160.5,210
001267,132,523.5,274.5,144,196.5
001268,131,1192.5,261,160.5,211
001268,132,527,283,144.5,196.5
001269,131,1213.5,261,160.5,212
001269,132,530.5,291.5,145,196.5
001270,131,1234.5,261,160.5,213
001270,132,534,300,145.5,196.5
001271,131,1254.5,269,164,217
001271,132,541,294.5,147,197
001272,131,1274.5,277,167.5,221
001272,132,548,289,148.5,197.5
001273,131,1294.5,285,171,225
001273,132,555,283.5,150,198
001274,131,1300.5,283.5,172,230
001274,132,564,292.5,151.5,212.25
001275,131,1306.5,282,173,235
001275,132,573,301.5,153,226.5
001276,131,1312.5,280.5,174,240
001276,132,579,311.25,152.25,222.75
001277,131,1316.5,286.5,175,242.5
001277,132,585,321,151.5,219
001278,131,1320.5,292.5,176,245
001278,132,573,316,158,220
001279,131,1324.5,298.5,177,247.5
001279,132,561,311,164.5,221
001280,131,1337.5,292,176.5,247.5
001280,132,549,306,171,222
001281,131,1350.5,285.5,176,247.5
001281,132,542,317,167,227.5
001282,131,1363.5,279,175.5,247.5
001282,132,535,328,163,233
001283,131,1386.75,296.25,176.25,249.75
001283,132,528,339,159,238.5
001283,137,0,283.5,48,168
001284,131,1410,313.5,177,252
001284,132,522.5,331.5,168.5,241
001284,137,3,279,72,169.5
001285,131,1435.5,316,179,251.5
001285,132,517,324,178,243.5
001285,137,0,261,102,172.5
001286,131,1461,318.5,181,251
001286,132,511.5,316.5,187.5,246
001286,137,7.5,264,118.5,168
001287,131,1486.5,321,183,250.5
001287,132,520,332,189.5,252
001287,137,45,263.25,121.5,166.5
001288,131,1498.5,328.5,192,254
001288,132,528.5,347.5,191.5,258
001288,137,82.5,262.5,124.5,165
001289,131,1510.5,336,201,257.5
001289,132,537,363,193.5,264
001289,137,113.25,264.75,126.75,165
001290,131,1522.5,343.5,210,261
001290,132,541.5,357,192.75,264
001290,137,144,267,129,165
001291,131,1536,351.75,207,266.25
001291,132,546,351,192,264
001291,137,168,265.5,131,169
001292,131,1549.5,360,204,271.5
001292,132,534,360.5,199,265.5
001292,137,192,264,133,173
001293,131,1566.75,351,211.5,277.5
001293,132,522,370,206,267
001293,137,216,262.5,135,177
001294,131,1584,342,219,283.5
001294,132,510,379.5,213,268.5
001294,137,245,263,136,176.5
001295,131,1625,352.5,216.5,288
001295,132,510.5,386,212.5,271
001295,137,274,263.5,137,176
001296,131,1666,363,214,292.5
001296,132,511,392.5,212,273.5
001296,137,303,264,138,175.5
001297,131,1707,373.5,211.5,297
001297,132,511.5,399,211.5,276
001297,137,333.5,266.5,140.5,176.5
001298,131,1759.5,400.5,159,301.5
001298,132,538,400.5,220.5,284.5
001298,137,364,269,143,177.5
001299,131,1810.5,400.5,108,306
001299,132,564.5,402,229.5,293
001299,137,394.5,271.5,145.5,178.5
001300,132,591,403.5,238.5,301.5
001300,137,408,270.5,144,180
001301,132,625,416,235,303
001301,137,421.5,269.5,142.5,181.5
001302,132,659,428.5,231.5,304.5
001302,137,435,268.5,141,183
001303,132,693,441,228,306
001303,137,426,279,144,176.25
001304,132,712,435,233.5,313.5
001304,137,417,289.5,147,169.5
001305,132,731,429,239,321
001305,137,413,281.5,147,174
001306,132,750,423,244.5,328.5
001306,137,409,273.5,147,178.5
001307,132,782,443.5,245.5,331.5
001307,137,405,265.5,147,183
001308,132,814,464,246.5,334.5
001308,137,412,275.5,149.5,180.5
001309,132,846,484.5,247.5,337.5
001309,137,419,285.5,152,178
001310,132,917.5,475,250.5,346.5
001310,137,426,295.5,154.5,175.5
001310,139,0,195,39,172.5
001311,132,989,465.5,253.5,355.5
001311,137,439.5,295.5,159.75,184.5
001311,139,4.5,184.5,70.5,190.5
001312,132,1060.5,456,256.5,364.5
001312,137,453,295.5,165,193.5
001312,139,6,178.5,126,184.5
001313,132,1158.5,482.5,262.5,367
001313,137,457.5,289.5,162,191.25
001313,139,15,171,144,189
001314,132,1256.5,509,268.5,369.5
001314,137,462,283.5,159,189
001314,139,50,168,144,187.5
001315,132,1354.5,535.5,274.5,372
001315,137,458.25,298.5,161.25,194.25
001315,139,85,165,144,186
001316,132,1447.5,525,284.25,375
001316,137,454.5,313.5,163.5,199.5
001316,139,120,162,144,184.5
001317,132,1540.5,514.5,294,378
001317,137,445.5,316,167,199.5
001317,139,154,166,144,183.5
001318,132,1645.5,496.5,273,382.5
001318,137,436.5,318.5,170.5,199.5
001318,139,188,170,144,182.5
001319,137,427.5,321,174,199.5
001319,139,222,174,144,181.5
001320,137,433,320,177,205.5
001320,139,255,168,144,185
001321,137,438.5,319,180,211.5
001321,139,288,162,144,188.5
001322,137,444,318,183,217.5
001322,139,321,156,144,192
001323,137,450,327,183,214.5
001323,139,365.25,159.75,140.25,188.25
001323,143,0,250.5,57,186
001324,137,456,336,183,211.5
001324,139,409.5,163.5,136.5,184.5
001324,143,1.5,241.5,109.5,184.5
001325,137,462,345,183,208.5
001325,139,442,167,139.5,186
001325,143,27,245.25,124.5,182.25
001326,137,447,347.5,183,213.5
001326,139,474.5,170.5,142.5,187.5
001326,143,52.5,249,139.5,180
001327,137,432,350,183,218.5
001327,139,507,174,145.5,189
001327,143,93,242.5,140.5,183
001328,137,417,352.5,183,223.5
001328,139,533,170.5,148.5,183.5
001328,143,133.5,236,141.5,186
001329,137,393,355.5,189.75,228.75
001329,139,559,167,151.5,178
001329,143,174,229.5,142.5,189
001330,137,369,358.5,196.5,234
001330,139,585,163.5,154.5,172.5
001330,143,204.5,231.5,139,193
001331,137,345,361.5,203.25,239.25
001331,139,602,166,151.5,181.5
001331,143,235,233.5,135.5,197
001332,137,321,364.5,210,244.5
001332,139,619,168.5,148.5,190.5
001332,143,265.5,235.5,132,201
001333,137,315,363,204,241.5
001333,139,636,171,145.5,199.5
001333,143,282.5,237,137.5,201
001334,137,321,378.5,211,247
001334,139,648,170.5,148,196.5
001334,143,299.5,238.5,143,201
001335,137,327,394,218,252.5
001335,139,660,170,150.5,193.5
001335,143,316.5,240,148.5,201
001336,137,333,409.5,225,258
001336,139,672,169.5,153,190.5
001336,143,342,240,145,203.5
001337,137,343,405.5,227.5,260.5
001337,139,689,168.5,157.5,194.5
001337,143,367.5,240,141.5,206
001337,147,3,285,46.5,168
001338,137,353,401.5,230,263
001338,139,706,167.5,162,198.5
001338,143,393,240,138,208.5
001338,147,1.5,268.5,75,187.5
001339,137,363,397.5,232.5,265.5
001339,139,723,166.5,166.5,202.5
001339,143,411,237.5,144,207.5
001339,147,3,262.5,96,184.5
001340,137,362,417.5,233,271
001340,139,743.5,169,166,205
001340,143,429,235,150,206.5
001340,147,0,259.5,117,184.5
001341,137,361,437.5,233.5,276.5
001341,139,764,171.5,165.5,207.5
001341,143,447,232.5,156,205.5
001341,147,3,259.5,135,189
001342,137,360,457.5,234,282
001342,139,784.5,174,165,210
001342,143,453,232.5,151.5,205.5
001342,147,14.5,258,142.5,189
001343,137,362.5,452.5,239.5,283
001343,139,796.5,170.5,166,207
001343,143,459,232.5,147,205.5
001343,147,26,256.5,150,189
001344,137,365,447.5,245,284
001344,139,808.5,167,167,204
001344,143,451.5,241.5,150.5,203
001344,147,37.5,255,157.5,189
001345,137,367.5,442.5,250.5,285
001345,139,820.5,163.5,168,201
001345,143,444,250.5,154,200.5
001345,147,68,257.5,156,188
001346,137,408,462.5,261,290
001346,139,822.75,171,170.25,205.5
001346,143,436.5,259.5,157.5,198
001346,147,98.5,260,154.5,187
001347,137,448.5,482.5,271.5,295
001347,139,825,178.5,172.5,210
001347,143,431.25,254.25,162.75,201.75
001347,147,129,262.5,153,186
001348,137,489,502.5,282,300
001348,139,824.25,178.5,173.25,214.5
001348,143,426,249,168,205.5
001348,147,165.5,259.5,148,188
001349,137,532,494.5,285,310.5
001349,139,823.5,178.5,174,219
001349,143,432,258,167,205
001349,147,202,256.5,143,190
001350,137,575,486.5,288,321
001350,139,833,173.5,174,222.5
001350,143,438,267,166,204.5
001350,147,238.5,253.5,138,192
001351,137,618,478.5,291,331.5
001351,139,842.5,168.5,174,226
001351,143,444,276,165,204
001351,147,250,259,138,192
001352,137,650,502,302.5,333.5
001352,139,852,163.5,174,229.5
001352,143,445,269,165,208.5
001352,147,261.5,264.5,138,192
001353,137,682,525.5,314,335.5
001353,139,869.5,173.5,178,232
001353,143,446,262,165,213
001353,147,273,270,138,192
001354,137,714,549,325.5,337.5
001354,139,887,183.5,182,234.5
001354,143,447,255,165,217.5
001354,147,269,270,143,196
001355,137,750,550,334.5,340.5
001355,139,904.5,193.5,186,237
001355,143,440,263,170,221
001355,147,265,270,148,200
001356,137,786,551,343.5,343.5
001356,139,929.5,187.5,183,239
001356,143,433,271,175,224.5
001356,147,261,270,153,204
001357,137,822,552,352.5,346.5
001357,139,954.5,181.5,180,241
001357,143,426,279,180,228
001357,147,269.5,269,148.5,206
001358,137,921.5,568.5,370,360
001358,139,979.5,175.5,177,243
001358,143,421,276.5,181,231.5
001358,147,278,268,144,208
001359,137,1021,585,387.5,373.5
001359,139,982.5,185,184,246
001359,143,416,274,182,235
001359,147,286.5,267,139.5,210
001360,137,1120.5,601.5,405,387
001360,139,985.5,194.5,191,249
001360,143,411,271.5,183,238.5
001360,147,301,272.5,141,207
001361,137,1228,601,412.5,394.5
001361,139,988.5,204,198,252
001361,143,418,282.5,183,239.5
001361,147,315.5,278,142.5,204
001362,137,1335.5,600.5,420,402
001362,139,993.5,204,199.5,253
001362,143,425,293.5,183,240.5
001362,147,330,283.5,144,201
001363,137,1443,600,427.5,409.5
001363,139,998.5,204,201,254
001363,143,432,304.5,183,241.5
001363,147,329.5,280,147.5,207
001364,137,1537.5,574.5,381,436.5
001364,139,1003.5,204,202.5,255
001364,143,437.5,302.5,187.5,244
001364,147,329,276.5,151,213
001365,137,1645.5,586.5,273,426
001365,139,1019.5,204,204,260
001365,143,443,300.5,192,246.5
001365,147,328.5,273,154.5,219
001366,139,1035.5,204,205.5,265
001366,143,448.5,298.5,196.5,249
001366,147,314.5,282.5,158.5,220.5
001367,139,1051.5,204,207,270
001367,143,442,305,199,253
001367,147,300.5,292,162.5,222
001368,139,1083.5,209.5,208,271.5
001368,143,435.5,311.5,201.5,257
001368,147,286.5,301.5,166.5,223.5
001369,139,1115.5,215,209,273
001369,143,429,318,204,261
001369,147,275.5,300,163.5,223.5
001370,139,1147.5,220.5,210,274.5
001370,143,417.75,319.5,205.125,264
001370,147,264.5,298.5,160.5,223.5
001371,139,1169.5,214.5,211,274.5
001371,143,406.5,321,206.25,267
001371,147,253.5,297,157.5,223.5
001372,139,1191.5,208.5,212,274.5
001372,143,395.25,322.5,207.375,270
001372,147,259,305,160.5,224
001373,139,1213.5,202.5,213,274.5
001373,143,384,324,208.5,273
001373,147,264.5,313,163.5,224.5
001374,139,1223.5,213.5,217,284.5
001374,143,380.5,336,217.5,273.5
001374,147,270,321,166.5,225
001375,139,1233.5,224.5,221,294.5
001375,143,377,348,226.5,274
001375,147,288,319,167,229.5
001376,139,1243.5,235.5,225,304.5
001376,143,373.5,360,235.5,274.5
001376,147,306,317,167.5,234
001377,139,1257.5,231.5,230.5,307
001377,143,369,357.5,236,278
001377,147,324,315,168,238.5
001378,139,1271.5,227.5,236,309.5
001378,143,364.5,355,236.5,281.5
001378,147,315.5,315,171.5,241.5
001379,139,1285.5,223.5,241.5,312
001379,143,360,352.5,237,285
001379,147,307,315,175,244.5
001380,139,1318.5,229.5,246,316
001380,143,348,368.5,237,290
001380,147,298.5,315,178.5,247.5
001381,139,1351.5,235.5,250.5,320
001381,143,336,384.5,237,295
001381,147,283.5,326.5,186,254.5
001382,139,1384.5,241.5,255,324
001382,143,324,400.5,237,300
001382,147,268.5,338,193.5,261.5
001383,139,1440.5,241,259.5,324.5
001383,143,314,395.5,245,309
001383,147,253.5,349.5,201,268.5
001384,139,1496.5,240.5,264,325
001384,143,304,390.5,253,318
001384,147,246,346,201,272.5
001385,139,1552.5,240,268.5,325.5
001385,143,294,385.5,261,327
001385,147,238.5,342.5,201,276.5
001386,139,1581,238.5,268.5,333.75
001386,143,310,402,263,328
001386,147,231,339,201,280.5
001387,139,1609.5,237,268.5,342
001387,143,326,418.5,265,329
001387,147,244,356,206,278
001387,150,3,270,54,186
001388,139,1630.5,258,267.75,354
001388,143,342,435,267,330
001388,147,257,373,211,275.5
001388,150,0,270,106.5,192
001389,139,1651.5,279,267,366
001389,143,360,429.5,271.5,340.5
001389,147,270,390,216,273
001389,150,24,258,126,186
001390,139,1675.5,297,238.5,369
001390,143,378,424,276,351
001390,147,272,382.5,216.5,280
001390,150,65.5,255.5,128,186
001391,139,1699.5,286.5,216.75,365.25
001391,143,396,418.5,280.5,361.5
001391,147,274,375,217,287
001391,150,107,253,130,186
001392,139,1723.5,276,195,361.5
001392,143,416.25,440.25,291.75,363.75
001392,147,276,367.5,217.5,294
001392,150,148.5,250.5,132,186
001393,139,1770,265.5,148.5,364.5
001393,143,436.5,462,303,366
001393,147,258.5,386.5,222.5,294
001393,150,189.75,258,135,189.75
001394,143,450.75,462,309.75,373.5
001394,147,241,405.5,227.5,294
001394,150,231,265.5,138,193.5
001395,143,465,462,316.5,381
001395,147,223.5,424.5,232.5,294
001395,150,281.5,256,139.5,193
001396,143,524,474.5,313.5,386
001396,147,202.5,420,235,300
001396,150,332,246.5,141,192.5
001397,143,583,487,310.5,391
001397,147,181.5,415.5,237.5,306
001397,150,382.5,237,142.5,192
001398,143,642,499.5,307.5,396
001398,147,160.5,411,240,312
001398,150,410,239,142,202.5
001399,143,697.5,497,317.5,406.5
001399,147,174.5,424,242.5,319
001399,150,437.5,241,141.5,213
001400,143,753,494.5,327.5,417
001400,147,188.5,437,245,326
001400,150,465,243,141,223.5
001401,143,808.5,492,337.5,427.5
001401,147,202.5,450,247.5,333
001401,150,483,255.75,141,210.75
001402,143,863.5,501.5,348,443.5
001402,147,243,459.75,246,336.75
001402,150,501,268.5,141,198
001403,143,918.5,511,358.5,459.5
001403,147,283.5,469.5,244.5,340.5
001403,150,516,261,145.5,205
001404,143,973.5,520.5,369,475.5
001404,147,306.75,459.75,251.25,353.25
001404,150,531,253.5,150,212
001405,143,1041.5,539,373,476.5
001405,147,330,450,258,366
001405,150,546,246,154.5,219
001406,143,1109.5,557.5,377,477.5
001406,147,343,471,264.5,373
001406,150,572.25,253.125,153,213.75
001407,143,1177.5,576,381,478.5
001407,147,356,492,271,380
001407,150,598.5,260.25,151.5,208.5
001408,143,1314,573.75,382.5,492.75
001408,147,369,513,277.5,387
001408,150,624.75,267.375,150,203.25
001409,143,1450.5,571.5,384,507
001409,147,384,515.5,293,387
001409,150,651,274.5,148.5,198
001410,143,1581,601.5,337.5,477
001410,147,399,518,308.5,387
001410,150,673.5,262.5,156.75,205.5
001411,147,414,520.5,324,387
001411,150,696,250.5,165,213
001412,147,478,529,323,399.5
001412,150,711,243,164.25,216
001413,147,542,537.5,322,412
001413,150,726,235.5,163.5,219
001414,147,606,546,321,424.5
001414,150,732,252.75,163.5,224.25
001415,147,690,556.5,335.5,431
001415,150,738,270,163.5,229.5
001416,147,774,567,350,437.5
001416,150,744.75,280.5,166.5,221.25
001417,147,858,577.5,364.5,444
001417,150,751.5,291,169.5,213
001418,147,921.75,561.75,372.75,454.5
001418,150,755.25,281.25,170.25,215.25
001419,147,985.5,546,381,465
001419,150,759,271.5,171,217.5
001419,153,1.5,210,106.5,187.5
001420,147,1089,574.5,379.5,470.25
001420,150,783,272.25,171.75,218.25
001420,153,45,211.5,133.5,189
001421,147,1192.5,603,378,475.5
001421,150,807,273,172.5,219
001421,153,98.25,213,136.5,188.25
001422,147,1263.75,621,396.75,457.5
001422,150,832.5,280.5,171,231
001422,153,151.5,214.5,139.5,187.5
001423,147,1335,639,415.5,439.5
001423,150,853.5,295.5,178.5,238.5
001423,153,197,207.5,144,188
001424,147,1440,625.5,394.5,453
001424,150,880.5,289.5,180.75,234
001424,153,242.5,200.5,148.5,188.5
001425,147,1545,612,373.5,466.5
001425,150,907.5,283.5,183,229.5
001425,153,288,193.5,153,189
001426,150,921,279,183,232.5
001426,153,329,197,150,189.5
001427,150,934.5,274.5,183,235.5
001427,153,370,200.5,147,190
001428,150,948,270,183,238.5
001428,153,411,204,144,190.5
001429,150,952.5,288.5,186,238.5
001429,153,443.5,199,144.5,190.5
001430,150,957,307,189,238.5
001430,153,476,194,145,190.5
001431,150,961.5,325.5,192,238.5
001431,153,508.5,189,145.5,190.5
001431,155,3,283.5,54,181.5
001432,150,972,316.5,198.5,244.5
001432,153,553,192.5,146.5,192.5
001432,155,3,274.5,93,185.25
001433,150,982.5,307.5,205,250.5
001433,153,597.5,196,147.5,194.5
001433,155,3,265.5,132,189
001434,150,993,298.5,211.5,256.5
001434,153,642,199.5,148.5,196.5
001434,155,28.5,274.5,151.5,177
001435,150,1016.5,308.5,212,257
001435,153,689.25,198,144,188.25
001435,155,75.75,273.75,149.25,177.75
001436,150,1040,318.5,212.5,257.5
001436,153,736.5,196.5,139.5,180
001436,155,123,273,147,178.5
001437,150,1063.5,328.5,213,258
001437,153,764.25,189.75,146.25,183.75
001437,155,159.75,267,142.5,174.75
001438,150,1096,322.5,215.5,266.5
001438,153,792,183,153,187.5
001438,155,196.5,261,138,171
001439,150,1128.5,316.5,218,275
001439,153,816.75,187.5,154.5,192
001439,155,226.5,261.75,140.25,172.5
001440,150,1161,310.5,220.5,283.5
001440,153,841.5,192,156,196.5
001440,155,256.5,262.5,142.5,174
001441,150,1172.5,314,225,284
001441,153,862.5,195.75,157.5,197.25
001441,155,282.5,264.5,143.5,175
001441,157,4.5,211.5,85.5,181.5
001442,150,1184,317.5,229.5,284.5
001442,153,883.5,199.5,159,198
001442,155,308.5,266.5,144.5,176
001442,157,6,208.5,105,187.5
001443,150,1195.5,321,234,285
001443,153,916.5,190.5,156,208.5
001443,155,334.5,268.5,145.5,177
001443,157,3,207,135,193.5
001444,150,1209.5,338,239,288
001444,153,949.5,181.5,153,219
001444,155,366.5,266.5,144,174.5
001444,157,19.5,214.5,153,186
001445,150,1223.5,355,244,291
001445,153,983.5,190,151,220
001445,155,398.5,264.5,142.5,172
001445,157,45,207.5,153,183.5
001446,150,1237.5,372,249,294
001446,153,1017.5,198.5,149,221
001446,155,430.5,262.5,141,169.5
001446,157,70.5,200.5,153,181
001447,150,1264.5,357,248.25,303.75
001447,153,1051.5,207,147,222
001447,155,464.25,266.25,139.5,171.75
001447,157,96,193.5,153,178.5
001448,150,1291.5,342,247.5,313.5
001448,153,1087.5,205.5,150,215.25
001448,155,498,270,138,174
001448,157,117.5,196,150.5,179
001449,150,1331.5,355.5,247,318.5
001449,153,1123.5,204,153,208.5
001449,155,528,265,139,179
001449,157,139,198.5,148,179.5
001450,150,1371.5,369,246.5,323.5
001450,153,1141.5,198,159,213.75
001450,155,558,260,140,184
001450,157,160.5,201,145.5,180
001451,150,1411.5,382.5,246,328.5
001451,153,1159.5,192,165,219
001451,155,588,255,141,189
001451,157,183,205.5,146,181
001452,150,1460,383,255.5,329
001452,153,1171.5,198,162.75,221.25
001452,155,595.5,263.5,140.5,187.5
001452,157,205.5,210,146.5,182
001453,150,1508.5,383.5,265,329.5
001453,153,1183.5,204,160.5,223.5
001453,155,603,272,140,186
001453,157,228,214.5,147,183
001454,150,1557,384,274.5,330
001454,153,1191.75,206.25,160.5,220.5
001454,155,610.5,280.5,139.5,184.5
001454,157,248.25,210.75,150.75,186.75
001455,150,1593.75,378.75,278.25,339.75
001455,153,1200,208.5,160.5,217.5
001455,155,613,275.5,146,189.5
001455,157,268.5,207,154.5,190.5
001456,150,1630.5,373.5,282,349.5
001456,153,1213.5,204,161.25,218.25
001456,155,615.5,270.5,152.5,194.5
001456,157,290,208,155,189
001457,150,1662,401.25,253.5,355.5
001457,153,1227,199.5,162,219
001457,155,618,265.5,159,199.5
001457,157,311.5,209,155.5,187.5
001458,150,1693.5,429,225,361.5
001458,153,1248.5,208,164,222.5
001458,155,635,274,160,197.5
001458,157,333,210,156,186
001459,150,1732.5,441,186,355.5
001459,153,1270,216.5,166,226
001459,155,652,282.5,161,195.5
001459,157,356,215.5,158,188
001460,150,1771.5,453,147,349.5
001460,153,1291.5,225,168,229.5
001460,155,669,291,162,193.5
001460,157,379,221,160,190
001461,153,1308,219,172.5,230
001461,155,690,286,159,198
001461,157,402,226.5,162,192
001462,153,1324.5,213,177,230.5
001462,155,711,281,156,202.5
001462,157,428,222,163,193
001463,153,1341,207,181.5,231
001463,155,732,276,153,207
001463,157,454,217.5,164,194
001464,153,1349.25,210.75,183,236.25
001464,155,735.5,282.5,154.5,207.5
001464,157,480,213,165,195
001465,153,1357.5,214.5,184.5,241.5
001465,155,739,289,156,208
001465,157,483,212.25,156,195.75
001466,153,1353,227.25,186,241.5
001466,155,742.5,295.5,157.5,208.5
001466,157,486,211.5,147,196.5
001467,153,1348.5,240,187.5,241.5
001467,155,734,294.5,157,211
001467,157,480.5,218.5,149,198.5
001468,153,1360.5,232.5,188.5,247.5
001468,155,725.5,293.5,156.5,213.5
001468,157,475,225.5,151,200.5
001469,153,1372.5,225,189.5,253.5
001469,155,717,292.5,156,216
001469,157,469.5,232.5,153,202.5
001470,153,1384.5,217.5,190.5,259.5
001470,155,723,297,157.5,217.5
001470,157,462.75,227.25,156,201
001471,153,1404.5,229,193,259.5
001471,155,729,301.5,159,219
001471,157,456,222,159,199.5
001472,153,1424.5,240.5,195.5,259.5
001472,155,743.5,310,162.5,222.5
001472,157,460,221.5,157,200.5
001473,153,1444.5,252,198,259.5
001473,155,758,318.5,166,226
001473,157,464,221,155,201.5
001474,153,1467,244,199.5,264.5
001474,155,772.5,327,169.5,229.5
001474,157,468,220.5,153,202.5
001475,153,1489.5,236,201,269.5
001475,155,774.5,322.5,173.5,231.5
001475,157,479.5,228.5,157.5,204
001476,153,1512,228,202.5,274.5
001476,155,776.5,318,177.5,233.5
001476,157,491,236.5,162,205.5
001477,153,1522.5,242.5,206.5,274.5
001477,155,778.5,313.5,181.5,235.5
001477,157,502.5,244.5,166.5,207
001478,153,1533,257,210.5,274.5
001478,155,768,324.5,181,237
001478,157,510.75,238.5,169.5,208.5
001479,153,1543.5,271.5,214.5,274.5
001479,155,757.5,335.5,180.5,238.5
001479,157,519,232.5,172.5,210
001480,153,1552.5,264.75,221.25,286.5
001480,155,747,346.5,180,240
001480,157,520,239,174,215
001481,153,1561.5,258,228,298.5
001481,155,743.25,338.25,183.75,244.5
001481,157,521,245.5,175.5,220
001482,153,1588.5,255.75,220.5,301.5
001482,155,739.5,330,187.5,249
001482,157,522,252,177,225
001483,153,1615.5,253.5,213,304.5
001483,155,754,342.5,185.5,251
001483,157,516,252.5,178.5,225
001484,153,1649.5,264.5,209,306
001484,155,768.5,355,183.5,253
001484,157,510,253,180,225
001485,153,1683.5,275.5,205,307.5
001485,155,783,367.5,181.5,255
001485,157,504,253.5,181.5,225
001486,153,1717.5,286.5,201,309
001486,155,799.5,364,188,257.5
001486,157,506.5,250,180,233.5
001487,153,1749.75,282.75,168.75,312.75
001487,155,816,360.5,194.5,260
001487,157,509,246.5,178.5,242
001488,153,1782,279,136.5,316.5
001488,155,832.5,357,201,262.5
001488,157,511.5,243,177,250.5
001489,153,1815,268.5,103.5,333
001489,155,834,370,205,269
001489,157,523.5,255.5,182,249.5
001490,155,835.5,383,209,275.5
001490,157,535.5,268,187,248.5
001491,155,837,396,213,282
001491,157,547.5,280.5,192,247.5
001492,155,837,391.5,214.5,285.5
001492,157,563.5,275.5,191.5,246
001493,155,837,387,216,289
001493,157,579.5,270.5,191,244.5
001494,155,837,382.5,217.5,292.5
001494,157,595.5,265.5,190.5,243
001495,155,859.5,391.5,222,294.75
001495,157,594.5,275.5,191.5,251.5
001496,155,882,400.5,226.5,297
001496,157,593.5,285.5,192.5,260
001497,155,920,404,230.5,300.5
001497,157,592.5,295.5,193.5,268.5
001498,155,958,407.5,234.5,304
001498,157,582,297,198,269.25
001499,155,996,411,238.5,307.5
001499,157,571.5,298.5,202.5,270
001500,155,1026,416,237.5,310.5
001500,157,571,295.5,203,271
001501,155,1056,421,236.5,313.5
001501,157,570.5,292.5,203.5,272
001502,155,1086,426,235.5,316.5
001502,157,570,289.5,204,273
001503,155,1109.5,436.5,248,318.5
001503,157,588.75,308.25,212.25,274.5
001504,155,1133,447,260.5,320.5
001504,157,607.5,327,220.5,276
001505,155,1156.5,457.5,273,322.5
001505,157,636,328,223,275.5
001506,155,1200,449.25,270,333.75
001506,157,664.5,329,225.5,275
001507,155,1243.5,441,267,345
001507,157,693,330,228,274.5
001508,155,1308,459,276,349.5
001508,157,708,329.5,229.5,284.5
001509,155,1372.5,477,285,354
001509,157,723,329,231,294.5
001510,155,1447.5,474.5,285,354
001510,157,738,328.5,232.5,304.5
001511,155,1522.5,472,285,354
001511,157,749.5,344,239,308
001511,165,1.5,306,48,171
001512,155,1597.5,469.5,285,354
001512,157,761,359.5,245.5,311.5
001512,165,3,295.5,81,178.5
001513,155,1657.5,472.5,261,381
001513,157,772.5,375,252,315
001513,165,0,295.5,120,174
001514,155,1726.5,493.5,192,400.5
001514,157,802,362.5,254.5,323
001514,165,31.5,295.5,120,171.75
001515,157,831.5,350,257,331
001515,165,63,295.5,120,169.5
001516,157,861,337.5,259.5,339
001516,165,109,297,119,170.5
001517,157,914.5,354,264,341
001517,165,155,298.5,118,171.5
001518,157,968,370.5,268.5,343
001518,165,201,300,117,172.5
001519,157,1021.5,387,273,345
001519,165,235.5,289.5,124.5,174.75
001520,157,1088.5,381,278,351.5
001520,165,270,279,132,177
001521,157,1155.5,375,283,358
001521,165,290,280.5,133.5,177.5
001522,157,1222.5,369,288,364.5
001522,165,310,282,135,178
001523,157,1275.5,375.5,286,365.5
001523,165,330,283.5,136.5,178.5
001524,157,1328.5,382,284,366.5
001524,165,331,289.5,137.5,179
001525,157,1381.5,388.5,282,367.5
001525,165,332,295.5,138.5,179.5
001526,157,1431,405,300,377.25
001526,165,333,301.5,139.5,180
001527,157,1480.5,421.5,318,387
001527,165,335.5,300.5,140.5,180.5
001528,157,1555.5,397.5,327,399
001528,165,338,299.5,141.5,181
001529,157,1630.5,388.5,288,417
001529,165,340.5,298.5,142.5,181.5
001530,157,1720.5,385.5,198,417
001530,165,347,302,143,182.5
001531,165,353.5,305.5,143.5,183.5
001532,165,360,309,144,184.5
001533,165,371,308,143,187
001534,165,382,307,142,189.5
001535,165,393,306,141,192
001536,165,396.5,303.5,141.5,191
001537,165,400,301,142,190
001538,165,403.5,298.5,142.5,189
001539,165,397.5,307.5,144,188.5
001540,165,391.5,316.5,145.5,188
001541,165,385.5,325.5,147,187.5
001542,165,375,322.5,144,189.5
001543,165,364.5,319.5,141,191.5
001544,165,354,316.5,138,193.5
001545,165,355,318,141.5,197.5
001546,165,356,319.5,145,201.5
001547,165,357,321,148.5,205.5
001548,165,366.5,328,148.5,206.5
001549,165,376,335,148.5,207.5
001550,165,385.5,342,148.5,208.5
001551,165,396,336.75,151.5,211.5
001552,165,406.5,331.5,154.5,214.5
001553,165,404,334.5,159.5,215
001554,165,401.5,337.5,164.5,215.5
001555,165,399,340.5,169.5,216
001556,165,396,347.5,169,217.5
001557,165,393,354.5,168.5,219
001558,165,390,361.5,168,220.5
001559,165,387,357,168,225.75
001560,165,384,352.5,168,231
001561,165,391.5,357.75,169.5,229.5
001562,165,399,363,171,228
001563,165,411,374.25,175.5,230.25
001564,165,423,385.5,180,232.5
001565,165,434,385.5,182,232
001566,165,445,385.5,184,231.5
001567,165,456,385.5,186,231
001568,165,453,389,187.5,237
001569,165,450,392.5,189,243
001570,165,447,396,190.5,249
001571,165,437,401,192,255
001572,165,427,406,193.5,261
001573,165,417,411,195,267
001574,165,415.5,411.75,198,265.5
001575,165,414,412.5,201,264
001576,165,419,423,205,267.5
001577,165,424,433.5,209,271
001578,165,429,444,213,274.5
001579,165,430.5,446.25,220.5,279
001580,165,432,448.5,228,283.5
001581,165,429,449.5,234,288
001582,165,426,450.5,240,292.5
001583,165,423,451.5,246,297
001584,165,421.5,465.75,246.75,300.75
001585,165,420,480,247.5,304.5
001586,165,418.5,492.75,246.75,307.5
001587,165,417,505.5,246,310.5
001588,165,428.25,495,244.5,315.75
001589,165,439.5,484.5,243,321
001590,165,458.25,486,253.5,322.5
001591,165,477,487.5,264,324
001592,165,514.5,500.25,267.75,327
001593,165,552,513,271.5,330
001594,165,601.5,510,270,329.25
001595,165,651,507,268.5,328.5
001596,165,677,511,268.5,331.5
001597,165,703,515,268.5,334.5
001598,165,729,519,268.5,337.5
001599,165,747.75,531,272.25,347.25
001600,165,766.5,543,276,357
001601,165,776.25,543.75,280.5,366
001602,165,786,544.5,285,375
001603,165,822,542.25,282,368.25
001604,165,858,540,279,361.5
001605,165,913.5,549,276,368
001606,165,969,558,273,374.5
001607,165,1024.5,567,270,381
001608,165,1097.25,580.5,269.25,385.5
001609,165,1170,594,268.5,390
001610,165,1248.75,586.5,276,396.75
001611,165,1327.5,579,283.5,403.5
001612,165,1401,580.5,282.5,411
001613,165,1474.5,582,281.5,418.5
001614,165,1548,583.5,280.5,426
001615,165,1615.5,597,291,412.5
001616,165,1683,616.5,235.5,423
001617,165,1750.5,628.5,168,418.5
001759,184,1.5,262.5,52.5,189
001760,184,7.5,259.5,67.5,196.5
001761,184,4.5,262.5,100.5,190.5
001762,184,0,271.5,136.5,192
001763,184,25.5,270,136.5,199.5
001764,184,60,268.5,135,198.75
001765,184,94.5,267,133.5,198
001766,184,126.75,268.5,132.75,196.5
001767,184,159,270,132,195
001768,184,202,268.5,129.5,197
001769,184,245,267,127,199
001770,184,288,265.5,124.5,201
001771,184,329,265.5,127.5,201
001772,184,370,265.5,130.5,201
001772,187,3,294,49.5,168
001773,184,411,265.5,133.5,201
001773,187,3,280.5,84,189
001774,184,437,263,135.5,201
001774,187,4.5,276,112.5,199.5
001775,184,463,260.5,137.5,201
001775,187,13.5,273,133.5,186
001776,184,489,258,139.5,201
001776,187,42,277.5,134.5,183.5
001777,184,505,264,140,201
001777,187,70.5,282,135.5,181
001778,184,521,270,140.5,201
001778,187,99,286.5,136.5,178.5
001779,184,537,276,141,201
001779,187,137,285.5,134,182.5
001780,184,561,267.75,138,198.75
001780,187,175,284.5,131.5,186.5
001781,184,585,259.5,135,196.5
001781,187,213,283.5,129,190.5
001782,184,606.5,259,139,199
001782,187,240,275,129.5,189
001783,184,628,258.5,143,201.5
001783,187,267,266.5,130,187.5
001784,184,649.5,258,147,204
001784,187,294,258,130.5,186
001785,184,669,265.5,148.5,202.5
001785,187,321.5,264,132.5,182.5
001786,184,688.5,273,150,201
001786,187,349,270,134.5,179
001787,184,711.75,267,147,204.75
001787,187,376.5,276,136.5,175.5
001788,184,735,261,144,208.5
001788,187,389.5,271,135,176.5
001789,184,741,260,148,208.5
001789,187,402.5,266,133.5,177.5
001790,184,747,259,152,208.5
001790,187,415.5,261,132,178.5
001791,184,753,258,156,208.5
001791,187,414,273.5,134,182.5
001792,184,741,268,156,211.5
001792,187,412.5,286,136,186.5
001793,184,729,278,156,214.5
001793,187,411,298.5,138,190.5
001794,184,717,288,156,217.5
001794,187,408,291.5,139,191
001795,184,705.5,281,158,221
001795,187,405,284.5,140,191.5
001796,184,694,274,160,224.5
001796,187,402,277.5,141,192
001797,184,682.5,267,162,228
001797,187,404,279.5,145,195
001798,184,681,280.5,165.75,231
001798,187,406,281.5,149,198
001799,184,679.5,294,169.5,234
001799,187,408,283.5,153,201
001800,184,682,296,169.5,237
001800,187,408,291,150.5,203
001801,184,684.5,298,169.5,240
001801,187,408,298.5,148,205
001802,184,687,300,169.5,243
001802,187,408,306,145.5,207
001803,184,676,302.5,172,247.5
001803,187,393.5,301.5,141.5,206.5
001804,184,665,305,174.5,252
001804,187,379,297,137.5,206
001805,184,654,307.5,177,256.5
001805,187,364.5,292.5,133.5,205.5
001806,184,638,313,178.5,258
001806,187,345,300.5,140,211.5
001807,184,622,318.5,180,259.5
001807,187,325.5,308.5,146.5,217.5
001808,184,606,324,181.5,261
001808,187,306,316.5,153,223.5
001809,184,608,325.5,183,261.5
001809,187,302,314.5,155,225.5
001810,184,610,327,184.5,262
001810,187,298,312.5,157,227.5
001811,184,612,328.5,186,262.5
001811,187,294,310.5,159,229.5
001812,184,622,338,188,272.5
001812,187,293.5,322.5,161.5,230
001813,184,632,347.5,190,282.5
001813,187,293,334.5,164,230.5
001814,184,642,357,192,292.5
001814,187,292.5,346.5,166.5,231
001815,184,649.5,349.5,198,294
001815,187,290.25,340.5,164.25,232.5
001816,184,657,342,204,295.5
001816,187,288,334.5,162,234
001817,184,651.5,357.5,208.5,299.5
001817,187,273,343,161,236.5
001817,198,0,270,73.5,168
001818,184,646,373,213,303.5
001818,187,258,351.5,160,239
001818,198,1.5,265.5,102,174
001819,184,640.5,388.5,217.5,307.5
001819,187,243,360,159,241.5
001819,198,3,277.5,132,156
001820,184,638.25,392.25,218.25,309
001820,187,222,379.5,178.5,243
001820,198,44.25,275.25,135,165.75
001821,184,636,396,219,310.5
001821,187,213,378,180,245.25
001821,198,85.5,273,138,175.5
001822,184,645.75,384,212.25,309
001822,187,204,376.5,181.5,247.5
001822,198,116.25,270,141,167.25
001823,184,655.5,372,205.5,307.5
001823,187,198,364.5,189,258
001823,198,147,267,144,159
001824,184,671.5,387.5,216,320.5
001824,187,208,373,191,263
001824,198,183,266.25,142.5,167.25
001825,184,687.5,403,226.5,333.5
001825,187,218,381.5,193,268
001825,198,219,265.5,141,175.5
001826,184,703.5,418.5,237,346.5
001826,187,228,390,195,273
001826,198,255,270.75,138,171.75
001827,184,724,418.5,241.5,349
001827,187,228,393.5,202,273.5
001827,198,291,276,135,168
001828,184,744.5,418.5,246,351.5
001828,187,228,397,209,274
001828,198,326.5,270,136.5,173
001829,184,765,418.5,250.5,354
001829,187,228,400.5,216,274.5
001829,198,362,264,138,178
001830,184,769.5,420.75,255.75,363
001830,187,222,400.5,212.25,279.75
001830,198,397.5,258,139.5,183
001831,184,774,423,261,372
001831,187,216,400.5,208.5,285
001831,198,408.75,269.25,140.25,179.25
001832,184,782.25,441,264,372
001832,187,210,429.75,211.5,288.75
001832,198,420,280.5,141,175.5
001833,184,790.5,459,267,372
001833,187,204,459,214.5,292.5
001833,198,415,283,144,177.5
001834,184,803.25,459.75,268.5,370.5
001834,187,201,454.5,218.25,299.25
001834,198,410,285.5,147,179.5
001835,184,816,460.5,270,369
001835,187,198,450,222,306
001835,198,405,288,150,181.5
001836,184,843,459.75,283.5,383.25
001836,187,208.5,443.25,230.25,313.5
001836,198,402.75,278.25,151.5,185.25
001837,184,870,459,297,397.5
001837,187,219,436.5,238.5,321
001837,198,400.5,268.5,153,189
001838,184,919.5,481.5,296.25,399
001838,187,237,456.5,243,329
001838,198,404.25,274.5,154.5,188.25
001839,184,969,504,295.5,400.5
001839,187,255,476.5,247.5,337
001839,198,408,280.5,156,187.5
001840,184,1038.5,506,299,412
001840,187,273,496.5,252,345
001840,198,415.5,291,154.5,194.25
001841,184,1108,508,302.5,423.5
001841,187,281.25,492,251.25,347.25
001841,198,423,301.5,153,201
001842,184,1177.5,510,306,435
001842,187,289.5,487.5,250.5,349.5
001842,198,415.5,295.5,157.5,202.5
001843,184,1230,524,317,441.5
001843,187,282.75,481.5,258.75,357
001843,198,408,289.5,162,204
001844,184,1282.5,538,328,448
001844,187,276,475.5,267,364.5
001844,198,396.75,292.5,156.75,204.75
001845,184,1335,552,339,454.5
001845,187,277.5,502.5,276,366
001845,198,385.5,295.5,151.5,205.5
001846,184,1397.5,562,344,465
001846,187,279,529.5,285,367.5
001846,198,357.75,311.25,156.75,206.25
001847,184,1460,572,349,475.5
001847,187,280.5,556.5,294,369
001847,198,330,327,162,207
001848,184,1522.5,582,354,486
001848,187,331,546,290,377
001848,198,310,322,164,216
001849,184,1620,573,298.5,492
001849,187,381.5,535.5,286,385
001849,198,290,317,166,225
001850,187,432,525,282,393
001850,198,270,312,168,234
001851,187,510,553.5,295.5,411
001851,198,268.5,319.5,172.5,243
001852,187,588,582,309,429
001852,198,267,327,177,252
001853,187,666,594.75,315,434.25
001853,198,277.5,337.5,183,250.5
001854,187,744,607.5,321,439.5
001854,198,288,348,189,249
001855,187,802.5,594.75,340.5,447
001855,198,291.75,335.25,183.75,254.25
001856,187,861,582,360,454.5
001856,198,295.5,322.5,178.5,259.5
001857,187,933,596.25,363.75,460.5
001857,198,291.75,330.75,187.5,253.5
001858,187,1005,610.5,367.5,466.5
001858,198,288,339,196.5,247.5
001859,187,1089.75,647.25,366.75,430.5
001859,198,283.5,350,195.5,247.5
001860,187,1174.5,684,366,394.5
001860,198,279,361,194.5,247.5
001861,187,1290,652.5,355.5,426
001861,198,274.5,372,193.5,247.5
001862,187,1387.5,642,390,436.5
001862,198,279,364.5,198,252.75
001863,187,1525.5,642,393,436.5
001863,198,283.5,357,202.5,258
001864,198,293,370.5,203.5,258
001865,198,302.5,384,204.5,258
001866,198,312,397.5,205.5,258
001867,198,314,392.5,209,259
001868,198,316,387.5,212.5,260
001869,198,318,382.5,216,261
001870,198,292,403,219.5,265.5
001871,198,266,423.5,223,270
001872,198,240,444,226.5,274.5
001873,198,209,437,222.5,284
001874,198,178,430,218.5,293.5
001875,198,147,423,214.5,303
001876,198,121,440,225.5,306
001877,198,95,457,236.5,309
001878,198,69,474,247.5,312
001879,198,59.5,480,254.5,318.5
001880,198,50,486,261.5,325
001881,198,40.5,492,268.5,331.5
001882,198,28.5,497,263.5,336
001883,198,16.5,502,258.5,340.5
001884,198,4.5,507,253.5,345
001885,198,2.25,526.5,231,349.5
001885,200,0,210,72,190.5
001886,198,0,546,208.5,354
001886,200,1.5,207,100.5,184.5
001887,198,0.75,529.5,213.75,371.25
001887,200,4.5,211.5,139.5,180
001888,198,1.5,513,219,388.5
001888,200,37.5,211.5,159,187.5
001889,198,10.5,528,248.5,391.5
001889,200,69,206,157.5,187.5
001890,198,19.5,543,278,394.5
001890,200,100.5,200.5,156,187.5
001891,198,28.5,558,307.5,397.5
001891,200,132,195,154.5,187.5
001892,198,109,561.5,309.5,402.5
001892,200,168,194,157.5,189.5
001893,198,189.5,565,311.5,407.5
001893,200,204,193,160.5,191.5
001894,198,270,568.5,313.5,412.5
001894,200,240,192,163.5,193.5
001895,198,346,568.5,320,421.5
001895,200,290.5,184,159,190.5
001896,198,422,568.5,326.5,430.5
001896,200,341,176,154.5,187.5
001897,198,498,568.5,333,439.5
001897,200,391.5,168,150,184.5
001898,198,591.5,589,347,440.5
001898,200,440.25,163.5,148.5,183
001899,198,685,609.5,361,441.5
001899,200,489,159,147,181.5
001900,198,778.5,630,375,442.5
001900,200,540,163,143,180.5
001901,198,878.5,623,385.5,450
001901,200,591,167,139,179.5
001902,198,978.5,616,396,457.5
001902,200,642,171,135,178.5
001903,198,1078.5,609,406.5,465
001903,200,684,162,135.75,180.75
001904,198,1208.5,618.5,400,457
001904,200,726,153,136.5,183
001905,198,1338.5,628,393.5,449
001905,200,771,151.5,135,183.5
001906,198,1468.5,637.5,387,441
001906,200,816,150,133.5,184
001907,198,1615.5,630,303,448.5
001907,200,861,148.5,132,184.5
001908,200,910,151,133.5,185
001909,200,959,153.5,135,185.5
001910,200,1008,156,136.5,186
001911,200,1050.5,150,139.5,189.5
001911,205,6,271.5,46.5,177
001912,200,1093,144,142.5,193
001912,205,4.5,256.5,85.5,181.5
001913,200,1135.5,138,145.5,196.5
001913,205,6,250.5,117,187.5
001914,200,1154.5,145.5,145,194.5
001914,205,12,247.5,130.5,180
001915,200,1173.5,153,144.5,192.5
001915,205,37.5,246,142.5,181.5
001916,200,1192.5,160.5,144,190.5
001916,205,66,247.5,142.5,186
001917,200,1209.5,155,145,194.5
001917,205,101,248,142.5,185.5
001918,200,1226.5,149.5,146,198.5
001918,205,136,248.5,142.5,185
001919,200,1243.5,144,147,202.5
001919,205,171,249,142.5,184.5
001920,200,1265.5,145.5,147,204
001920,205,207,243,141,185.25
001921,200,1287.5,147,147,205.5
001921,205,243,237,139.5,186
001922,200,1309.5,148.5,147,207
001922,205,260,243,139.5,188
001923,200,1335,148,150.5,209
001923,205,277,249,139.5,190
001924,200,1360.5,147.5,154,211
001924,205,294,255,139.5,192
001925,200,1386,147,157.5,213
001925,205,298,249.5,146,193.5
001926,200,1393,146.5,159.5,216
001926,205,302,244,152.5,195
001927,200,1400,146,161.5,219
001927,205,306,238.5,159,196.5
001928,200,1407,145.5,163.5,222
001928,205,318.75,242.625,156.75,198.375
001929,200,1407.75,158.25,161.25,218.25
001929,205,331.5,246.75,154.5,200.25
001930,200,1408.5,171,159,214.5
001930,205,344.25,250.875,152.25,202.125
001931,200,1407.5,166,159.5,218
001931,205,357,255,150,204
001932,200,1406.5,161,160,221.5
001932,205,362.5,252.5,152.5,206
001933,200,1405.5,156,160.5,225
001933,205,368,250,155,208
001934,200,1414.5,158.5,166,230
001934,205,373.5,247.5,157.5,210
001935,200,1423.5,161,171.5,235
001935,205,361,257,160,209.5
001936,200,1432.5,163.5,177,240
001936,205,348.5,266.5,162.5,209
001937,200,1450.5,168,176,237.5
001937,205,336,276,165,208.5
001938,200,1468.5,172.5,175,235
001938,205,333,274,166,211.5
001939,200,1486.5,177,174,232.5
001939,205,330,272,167,214.5
001940,200,1487,171,177.5,236.5
001940,205,327,270,168,217.5
001941,200,1487.5,165,181,240.5
001941,205,329,279.5,171,221.5
001942,200,1488,159,184.5,244.5
001942,205,331,289,174,225.5
001943,200,1479.75,174,186.75,246.75
001943,205,333,298.5,177,229.5
001944,200,1471.5,189,189,249
001944,205,329.5,290.5,178,233.5
001945,200,1460,186.5,190.5,253
001945,205,326,282.5,179,237.5
001945,210,1.5,277.5,49.5,181.5
001946,200,1448.5,184,192,257
001946,205,322.5,274.5,180,241.5
001946,210,2.25,278.25,62.25,179.25
001947,200,1437,181.5,193.5,261
001947,205,297.5,286.5,190.5,245.5
001947,210,3,279,75,177
001948,200,1443.5,186.5,197.5,264
001948,205,272.5,298.5,201,249.5
001948,210,0,265.5,93,178.5
001949,200,1450,191.5,201.5,267
001949,205,247.5,310.5,211.5,253.5
001949,210,0,258,109.5,190.5
001950,200,1456.5,196.5,205.5,270
001950,205,240,308.5,210,252
001950,210,0,255,117,199.5
001951,200,1476.5,202,203.5,269.5
001951,205,232.5,306.5,208.5,250.5
001951,210,0,258,138,193.5
001952,200,1496.5,207.5,201.5,269
001952,205,225,304.5,207,249
001952,210,13,259.5,140.5,191
001953,200,1516.5,213,199.5,268.5
001953,205,232.5,314.25,204.75,261
001953,210,26,261,143,188.5
001954,200,1521,202.5,203.25,279
001954,205,240,324,202.5,273
001954,210,39,262.5,145.5,186
001955,200,1525.5,192,207,289.5
001955,205,243,325,202,270
001955,210,53.5,262,147,185.5
001956,200,1522.5,192,214.5,289.5
001956,205,246,326,201.5,267
001956,210,68,261.5,148.5,185
001957,200,1526.5,206.5,219.5,292
001957,205,249,327,201,264
001957,210,82.5,261,150,184.5
001958,200,1530.5,221,224.5,294.5
001958,205,232,337,206.5,270
001958,210,97,260,148,185
001959,200,1534.5,235.5,229.5,297
001959,205,215,347,212,276
001959,210,111.5,259,146,185.5
001960,200,1552.5,223.5,235.5,303
001960,205,198,357,217.5,282
001960,210,126,258,144,186
001961,200,1570.5,211.5,241.5,309
001961,205,180,356.5,222.5,288.5
001961,210,137,259,147,189.5
001962,200,1599,219,240.5,311.5
001962,205,162,356,227.5,295
001962,210,148,260,150,193
001963,200,1627.5,226.5,239.5,314
001963,205,144,355.5,232.5,301.5
001963,210,159,261,153,196.5
001964,200,1656,234,238.5,316.5
001964,205,148,365.5,230.5,307.5
001964,210,172.5,262.5,152,190.5
001965,200,1691.5,237.5,211,328.5
001965,205,152,375.5,228.5,313.5
001965,210,186,264,151,184.5
001966,200,1727,241,183.5,340.5
001966,205,156,385.5,226.5,319.5
001966,210,199.5,265.5,150,178.5
001967,200,1762.5,244.5,156,352.5
001967,205,162,389,231,325
001967,210,213.5,263,152.5,182.5
001968,200,1783.5,234,135,361.5
001968,205,168,392.5,235.5,330.5
001968,210,227.5,260.5,155,186.5
001969,200,1798.5,223.5,120,373.5
001969,205,174,396,240,336
001969,210,241.5,258,157.5,190.5
001970,205,163,405,244.5,340.5
001970,210,233.5,260.5,156,191.5
001971,205,152,414,249,345
001971,210,225.5,263,154.5,192.5
001972,205,141,423,253.5,349.5
001972,210,217.5,265.5,153,193.5
001973,205,130,427.5,257,353
001973,210,202.5,270.5,152.5,194
001974,205,119,432,260.5,356.5
001974,210,187.5,275.5,152,194.5
001975,205,108,436.5,264,360
001975,210,172.5,280.5,151.5,195
001976,205,113.25,435,269.25,369
001976,210,165,276.5,148.5,197
001977,205,118.5,433.5,274.5,378
001977,210,157.5,272.5,145.5,199
001978,205,140,451,284,387
001978,210,150,268.5,142.5,201
001979,205,161.5,468.5,293.5,396
001979,210,152,277,147,200
001980,205,183,486,303,405
001980,210,154,285.5,151.5,199
001981,205,178,481.5,315.5,409
001981,210,156,294,156,198
001982,205,173,477,328,413
001982,210,166,293,155.5,199
001983,205,168,472.5,340.5,417
001983,210,176,292,155,200
001984,205,165,505.5,345,429
001984,210,186,291,154.5,201
001985,205,162,538.5,349.5,441
001985,210,178,290,160,206.5
001986,205,159,571.5,354,453
001986,210,170,289,165.5,212
001987,205,177.5,563,359,456
001987,210,162,288,171,217.5
001988,205,196,554.5,364,459
001988,210,151.5,296.25,168,219
001989,205,214.5,546,369,462
001989,210,141,304.5,165,220.5
001990,205,256,576.5,379.5,455
001990,210,127.5,305.25,162,217.5
001991,205,297.5,607,390,448
001991,210,114,306,159,214.5
001992,205,339,637.5,400.5,441
001992,210,106.5,300,159,216.75
001993,205,396,626,413.5,452.5
001993,210,99,294,159,219
001994,205,453,614.5,426.5,464
001994,210,104,301.5,163,223
001995,205,510,603,439.5,475.5
001995,210,109,309,167,227
001996,205,618.75,648,435.75,430.5
001996,210,114,316.5,171,231
001997,205,727.5,693,432,385.5
001997,210,116,313.5,173,235
001998,205,819.75,702,471.75,376.5
001998,210,118,310.5,175,239
001999,205,912,711,511.5,367.5
001999,210,120,307.5,177,243
002000,205,1046.25,707.25,513.75,371.25
002000,210,109,313,180.5,245.5
002001,205,1180.5,703.5,516,375
002001,210,98,318.5,184,248
002002,205,1356,720,507,358.5
002002,210,87,324,187.5,250.5
002003,210,66,334,190,251.5
002004,210,45,344,192.5,252.5
002005,210,24,354,195,253.5
002006,210,17.25,350.25,197.25,258
002007,210,10.5,346.5,199.5,262.5
002008,210,11.25,353.25,191.25,261
002009,210,12,360,183,259.5
002010,210,15,369.75,180.75,249.75
002011,210,18,379.5,178.5,240
002011,221,54,255,148.5,189
002012,210,15,374.25,192,266.25
002012,221,100.5,260.25,141.75,195
002013,210,12,369,205.5,292.5
002013,221,147,265.5,135,201
002014,210,9,371.25,187.5,290.25
002014,221,198,267,144,187.5
002015,210,6,373.5,169.5,288
002015,221,235.5,255,146.25,188.25
002016,210,3.75,387,154.5,295.5
002016,221,273,243,148.5,189
002017,210,1.5,400.5,139.5,303
002017,221,308.25,242.25,139.5,195.75
002018,210,3.75,409.5,112.5,305.25
002018,221,343.5,241.5,130.5,202.5
002019,210,6,418.5,85.5,307.5
002019,221,362.25,252,140.25,208.5
002020,210,5.4,426.6,85.8,310.2
002020,221,381,262.5,150,214.5
002021,210,4.8,434.7,86.1,312.9
002021,221,393,264,147,213
002022,210,4.2,442.8,86.4,315.6
002022,221,405,265.5,144,211.5
002023,210,3.6,450.9,86.7,318.3
002023,221,415.5,257.25,141,214.5
002024,210,3,459,87,321
002024,221,426,249,138,217.5
002025,210,3.75,457.5,101.25,317.25
002025,221,436.5,247.5,143.25,220.5
002026,210,4.5,456,115.5,313.5
002026,221,447,246,148.5,223.5
002027,210,5.25,444.75,114.75,331.5
002027,221,466.5,255.75,145.5,225
002028,210,6,433.5,114,349.5
002028,221,486,265.5,142.5,226.5
002029,210,3,436.5,111,358.5
002029,221,507.5,261,143.5,226
002030,210,3.5,458.5,95.5,353.25
002030,221,529,256.5,144.5,225.5
002031,210,4,480.5,80,348
002031,221,550.5,252,145.5,225
002032,210,4.5,502.5,64.5,342.75
002032,221,559.5,251.25,151.5,224.25
002033,210,5,524.5,49,337.5
002033,221,568.5,250.5,157.5,223.5
002034,210,5.5,546.5,33.5,332.25
002034,221,568.5,258,154.5,223.5
002035,210,6,568.5,18,327
002035,221,568.5,265.5,151.5,223.5
002036,210,5.4,565.5,52.5,345.9
002036,221,561.75,278.25,154.5,228.75
002037,210,4.8,562.5,87,364.8
002037,221,555,291,157.5,234
002038,210,4.2,559.5,121.5,383.7
002038,221,552,285,160,236.5
002039,210,3.6,556.5,156,402.6
002039,221,549,279,162.5,239
002040,210,3,553.5,190.5,421.5
002040,221,546,273,165,241.5
002041,210,3,552.5,211,430.5
002041,221,552,278,168.5,243.5
002042,210,3,551.5,231.5,439.5
002042,221,558,283,172,245.5
002043,210,3,550.5,252,448.5
002043,221,564,288,175.5,247.5
002044,210,0,595.5,286.5,462
002044,221,583,284.5,174,251
002045,210,4.5,627,289.5,451.5
002045,221,602,281,172.5,254.5
002046,210,3.75,626.25,317.25,452.25
002046,221,621,277.5,171,258
002047,210,3,625.5,345,453
002047,221,620.5,279,176,257.5
002048,210,27.75,621.75,370.5,456.75
002048,221,620,280.5,181,257
002049,210,52.5,618,396,460.5
002049,221,619.5,282,186,256.5
002050,210,124.5,646.5,395.25,432
002050,221,609.5,297,182,252
002051,210,196.5,675,394.5,403.5
002051,221,599.5,312,178,247.5
002052,210,297,696,405.75,382.5
002052,221,589.5,327,174,243
002053,210,397.5,717,417,361.5
002053,221,578.25,318,174,251.25
002054,210,480.75,706.5,438.75,372
002054,221,567,309,174,259.5
002055,210,564,696,460.5,382.5
002055,219,0,222,51,150
002055,221,567.75,310.5,184.5,262.5
002056,219,3,205.5,118.5,160.5
002056,221,568.5,312,195,265.5
002057,219,16.5,199.5,156,163.5
002057,221,578,325.5,194.5,270.5
002058,219,60,196.5,148.5,165.75
002058,221,587.5,339,194,275.5
002059,219,103.5,193.5,141,168
002059,221,597,352.5,193.5,280.5
002060,219,144,196,140,169
002060,221,604.5,342.5,197.5,286.5
002061,219,184.5,198.5,139,170
002061,221,612,332.5,201.5,292.5
002062,219,225,201,138,171
002062,221,619.5,322.5,205.5,298.5
002062,226,1.5,285,40.5,166.5
002063,219,260.5,197,140.5,169.5
002063,221,615.5,334,206.5,296
002063,226,1.5,273,70.5,183
002064,219,296,193,143,168
002064,221,611.5,345.5,207.5,293.5
002064,226,1.5,265.5,106.5,183
002065,219,331.5,189,145.5,166.5
002065,221,607.5,357,208.5,291
002065,226,7.5,276,121.5,177
002066,219,368.25,189,143.25,173.25
002066,221,593.25,365.25,217.5,299.25
002066,226,21,276,138,190.5
002067,219,405,189,141,180
002067,221,579,373.5,226.5,307.5
002067,226,51.75,273.75,137.625,188.25
002068,219,460.5,191.25,138,182.25
002068,221,575,367.5,228.5,311.5
002068,226,82.5,271.5,137.25,186
002069,219,516,193.5,135,184.5
002069,221,571,361.5,230.5,315.5
002069,226,113.25,269.25,136.875,183.75
002070,219,548,189.5,139,187.5
002070,221,567,355.5,232.5,319.5
002070,226,144,267,136.5,181.5
002071,219,580,185.5,143,190.5
002071,221,578.5,371,232,327.5
002071,226,174.5,270,133.5,182
002072,219,612,181.5,147,193.5
002072,221,590,386.5,231.5,335.5
002072,226,205,273,130.5,182.5
002073,219,635,187.5,148,199.5
002073,221,601.5,402,231,343.5
002073,226,235.5,276,127.5,183
002074,219,658,193.5,149,205.5
002074,221,618.5,396.5,235.5,346
002074,226,257,271,131,186.5
002075,219,681,199.5,150,211.5
002075,221,635.5,391,240,348.5
002075,226,278.5,266,134.5,190
002076,219,698.5,195,147.5,206.5
002076,221,652.5,385.5,244.5,351
002076,226,300,261,138,193.5
002077,219,716,190.5,145,201.5
002077,221,658,388.5,243,350.5
002077,226,312,267.5,136.5,190
002078,219,733.5,186,142.5,196.5
002078,221,663.5,391.5,241.5,350
002078,226,324,274,135,186.5
002079,219,758,192.5,146.5,198.5
002079,221,669,394.5,240,349.5
002079,226,336,280.5,133.5,183
002080,219,782.5,199,150.5,200.5
002080,221,653,413,249,360.5
002080,226,338,277,140,188.5
002081,219,807,205.5,154.5,202.5
002081,221,637,431.5,258,371.5
002081,226,340,273.5,146.5,194
002082,219,824,203.5,162.5,208
002082,221,621,450,267,382.5
002082,226,342,270,153,199.5
002083,219,841,201.5,170.5,213.5
002083,221,625,443.5,264,383
002083,226,346.5,274.5,154.5,202.5
002084,219,858,199.5,178.5,219
002084,221,629,437,261,383.5
002084,226,351,279,156,205.5
002085,219,864,203,178.5,220
002085,221,633,430.5,258,384
002085,226,362.25,281.25,153,209.25
002086,219,870,206.5,178.5,221
002086,221,647.5,447.5,261.5,393.5
002086,226,373.5,283.5,150,213
002087,219,876,210,178.5,222
002087,221,662,464.5,265,403
002087,226,378.75,282.75,150,215.25
002088,219,878,208.5,176,223
002088,221,676.5,481.5,268.5,412.5
002088,226,384,282,150,217.5
002089,219,880,207,173.5,224
002089,221,707,476.5,274,415
002089,226,376.5,286.5,147,215.25
002090,219,882,205.5,171,225
002090,221,737.5,471.5,279.5,417.5
002090,226,369,291,144,213
002091,219,887.5,208.5,173,229.5
002091,221,768,466.5,285,420
002091,226,349.5,300,150.75,216
002092,219,893,211.5,175,234
002092,221,774.5,471.5,292.5,431
002092,226,330,309,157.5,219
002093,219,898.5,214.5,177,238.5
002093,221,781,476.5,300,442
002093,226,319,305.5,155,216.5
002094,219,910.125,213.75,181.5,240.375
002094,221,787.5,481.5,307.5,453
002094,226,308,302,152.5,214
002095,219,921.75,213,186,242.25
002095,221,773,508,310,463
002095,226,297,298.5,150,211.5
002096,219,933.375,212.25,190.5,244.125
002096,221,758.5,534.5,312.5,473
002096,226,300,306,151,213.5
002097,219,945,211.5,195,246
002097,221,744,561,315,483
002097,226,303,313.5,152,215.5
002098,219,954,214.5,185.25,243.75
002098,221,738,552.75,330.75,488.25
002098,226,306,321,153,217.5
002099,219,963,217.5,175.5,241.5
002099,221,732,544.5,346.5,493.5
002099,226,304.5,317.5,155.5,222.5
002100,219,954,220,178.5,244
002100,221,747,544.5,345,502.5
002100,226,303,314,158,227.5
002101,219,945,222.5,181.5,246.5
002101,221,762,544.5,343.5,511.5
002101,226,301.5,310.5,160.5,232.5
002102,219,936,225,184.5,249
002102,221,786,561.75,351,505.5
002102,226,288.5,321,158.5,237
002103,219,932.5,222.5,187,254
002103,221,810,579,358.5,499.5
002103,226,275.5,331.5,156.5,241.5
002104,219,929,220,189.5,259
002104,221,886,588,368.5,490.5
002104,226,262.5,342,154.5,246
002105,219,925.5,217.5,192,264
002105,221,962,597,378.5,481.5
002105,226,247.5,338.5,159,249
002106,219,937,226,193,258
002106,221,1038,606,388.5,472.5
002106,226,232.5,335,163.5,252
002107,219,948.5,234.5,194,252
002107,221,1097.25,610.5,388.5,468
002107,226,217.5,331.5,168,255
002108,219,960,243,195,246
002108,221,1156.5,615,388.5,463.5
002108,226,217.5,341,169,257.5
002109,219,968.5,239.5,201.5,257
002109,221,1202.25,633.75,396,444.75
002109,226,217.5,350.5,170,260
002110,219,977,236,208,268
002110,221,1248,652.5,403.5,426
002110,226,217.5,360,171,262.5
002111,219,985.5,232.5,214.5,279
002111,221,1275,688.5,427.5,390
002111,226,216,358.5,174.5,269
002112,219,982.5,241.5,214,278
002112,221,1320,722.25,436.5,356.25
002112,226,214.5,357,178,275.5
002113,219,979.5,250.5,213.5,277
002113,221,1365,756,445.5,322.5
002113,226,213,355.5,181.5,282
002114,219,976.5,259.5,213,276
002114,226,210.75,360.75,180,267
002115,219,977.5,257,209,268
002115,226,208.5,366,178.5,252
002116,219,978.5,254.5,205,260
002116,226,189.75,383.25,183,261
002117,219,979.5,252,201,252
002117,226,171,400.5,187.5,270
002118,219,986.5,259.5,209,260
002118,226,158.25,391.5,187.5,276.75
002119,219,993.5,267,217,268
002119,226,145.5,382.5,187.5,283.5
002120,219,1000.5,274.5,225,276
002120,226,150,392,193,286.5
002121,219,1021.5,273,225,281.25
002121,226,154.5,401.5,198.5,289.5
002122,219,1042.5,271.5,225,286.5
002122,226,159,411,204,292.5
002123,219,1053,267,226.5,288.75
002123,226,170,413.5,205.5,297
002124,219,1063.5,262.5,228,291
002124,226,181,416,207,301.5
002125,219,1065,271.5,232.5,297
002125,226,192,418.5,208.5,306
002126,219,1066.5,280.5,237,303
002126,226,192.75,414.75,209.25,306.75
002127,219,1062.75,282,234.75,308.25
002127,226,193.5,411,210,307.5
002128,219,1059,283.5,232.5,313.5
002128,226,171.5,430,214.5,313.5
002129,219,1069.5,285.75,241.5,318.75
002129,226,149.5,449,219,319.5
002130,219,1080,288,250.5,324
002130,226,127.5,468,223.5,325.5
002131,219,1102,296.5,252.5,328
002131,226,114,462,227,327.5
002132,219,1124,305,254.5,332
002132,226,100.5,456,230.5,329.5
002133,219,1146,313.5,256.5,336
002133,226,87,450,234,331.5
002134,219,1184.5,313,259,346
002134,226,106,468,235,335
002135,219,1223,312.5,261.5,356
002135,226,125,486,236,338.5
002136,219,1261.5,312,264,366
002136,226,144,504,237,342
002137,219,1276.5,311.25,272.25,365.25
002137,226,154,499,240,348
002138,219,1291.5,310.5,280.5,364.5
002138,226,164,494,243,354
002139,219,1308.75,324,282,383.25
002139,226,174,489,246,360
002140,219,1326,337.5,283.5,402
002140,226,165,512,254,366
002141,219,1339.5,332.5,291.5,398
002141,226,156,535,262,372
002142,219,1353,327.5,299.5,394
002142,226,147,558,270,378
002143,219,1366.5,322.5,307.5,390
002143,226,139,553,278,379.5
002144,219,1406.5,334,308,390
002144,226,131,548,286,381
002145,219,1446.5,345.5,308.5,390
002145,226,123,543,294,382.5
002146,219,1486.5,357,309,390
002146,226,154,559,298.5,397
002147,219,1547.25,358.5,300.75,392.25
002147,226,185,575,303,411.5
002148,219,1608,360,292.5,394.5
002148,226,216,591,307.5,426
002149,219,1648.5,349.5,270,412.5
002149,226,262.5,586.5,321,420
002150,219,1704,349.5,214.5,412.5
002150,226,309,582,334.5,414
002151,219,1746,345,172.5,424.5
002151,226,362,592,339,424
002152,226,415,602,343.5,434
002153,226,468,612,348,444
002154,226,502.5,639,355.5,428.25
002155,226,537,666,363,412.5
002156,226,588,662.5,367.5,416
002157,226,639,659,372,419.5
002158,226,690,655.5,376.5,423
002159,226,779.25,678,393,400.5
002160,226,868.5,700.5,409.5,378
002161,226,958.5,693,438,385.5
